-3.1134,-1.4464,-0.3956,-0.0102,1.4198,-0.5642,-2.5189,-0.6456,2.1188,1.2044,1.8491,-2.8768,-2.9442,2.2896,2.9099,0.0831,-1.0435,-1.6313,0.5179,2.5643,-1.0408,-2.0295,2.3927,-1.6131,-2.8555,-2.2828,-0.5968,1.8603,1.0927,2.7669,-0.9545,2.4196,2.1495,2.0164,0.7925,-2.4387,-1.2369,0.3054,1.2292,-1.7097,1.2877,0.2812,-2.6104,-2.3236,-1.8993,-0.9404,1.5916,0.3029,1.093,2.5625,1.7184,-2.5435,-0.5117,-2.673,-0.245,1.2178,-1.1029,-2.3491,0.666,-2.5957,-0.9445,3.0045,3.0207,0.2179,-0.924,-1.0185,0.1753,0.9547,0.6042,2.9442,-1.7403,1.4427,1.8273,0.4079,1.8131,1.3238,0.3961,0.9009,1.1659,0.3042,1.2052,-2.7485,-0.4225,1.7682,2.5789,-0.3602,-1.0418,-2.9038,1.4673,-0.2976,-0.1222,-2.4669,2.3562,-3.0906,1.3623,2.3818,3.0073,-2.3488,-3.1216,1.9025,-2.2721,2.1751,-1.7778,-1.1683,1.4892,1.2731,-0.8295,0.7925,2.4482,-1.6225,0.722,2.4446,-1.8775,1.2526,0.1779,-0.05,1.4918,-1.5159,-1.2776,-1.485,0.1176,-2.0111,1.5425,1.4845,-0.4191,-2.2499,-0.8705,1.224,0.6802,-2.6654,0.8013,-1.4564,-1.2011,2.8745,-2.4575,-1.4181,-2.1188,-0.4925,1.7359,1.3932,-0.5571,-2.6331,-3.1225,-2.8335,-0.9372,-1.8004,2.9679,2.0742,2.3737,0.4355,1.7682,0.7148,-2.6959,-2.4371,1.0817,1.7578,2.3176,-2.3337,0.4524,-1.5708,-0.9113,-0.1974,-1.5536,1.2743,1.7989,-0.8507,-0.563,2.9566,2.5917,-0.5772,2.1467,1.6218,1.2245,1.9575,1.075,-2.0629,-1.8805,-2.3015,0.1988,0.3009,-0.9018,-2.0385,-1.3587,-2.5269,-0.7736,2.1692,0.6078,-2.7411,-1.5628,3.0245,0.0517,-2.9331,-2.8401,1.1479,1.2779,1.1708,-2.2249,0.9447,-0.0196,2.6431,-0.2118,-2.8711,1.2205,0.835,-1.0814,0.3562,0.8976,1.9132,-0.9474,1.0839,0.8295,-1.3834,-0.8774,2.1367,-2.3007,-1.5991,2.1202,2.1891,2.1778,-2.203,0.0535,-2.2368,0.4563,-3.1269,-0.2692,0.9653,-2.9238,0.0078,-2.084,-2.8105,0.6032,-0.043,2.5587,-1.4464,1.8158,-2.7865,-2.9838,-0.8934,-1.2847,3.0502,2.7611,-2.2124,-2.4632,1.3954,1.3356,-1.7264,1.4601,1.4103,2.5249,-1.8684,-1.1903,-2.9704,-0.1067,1.54,2.3996,-2.5567,-0.2671,2.7097,3.064,0.6962,0.1871,2.6387,0.594,0.7638,2.2455,2.0946,-0.0928,0.9971,2.4239,-2.0452,1.1844,-2.0867,2.402,2.8236,-1.8657,0.7334,-0.078,2.2655,1.9575,-0.9861,-1.2805,-1.9175,1.7624,-2.2299,0.0536,-1.885,-2.2308,-2.8401,0.1858,0.1118,-1.4279,0.1318,1.1717,-2.2279,-0.1838,-1.5708,2.1101,0.7484,-2.5236,0.2022,-0.2504,1.4877,-1.9513,0.0984,0.5105,-3.132,0.5586,0.7188,2.1724,-2.8506,0.7237,0.1126,-0.2323,0.5086,-1.676,-1.4043,0.7908,2.9554,-2.1831,-2.9923,-2.4058,-1.6008,-1.3178,2.5398,-2.2122,3.0367,-1.4848,-2.3225,-1.0479,-0.5794,-2.7059,-1.5303,0.6202,-2.2027,2.0187,1.0961,-0.8021,1.5011,2.9322,-2.0006,-2.4064,-0.1302,-1.7989,-2.1303,-1.6348,-0.4934,-0.6334,-2.6535,0.7579,3.0473,1.2403,-0.8422,-0.8869,1.8641,-0.0428,1.8702,2.9997,-1.9429,0.1272,-0.0089,-0.3252,1.5923,1.5177,0.1429,-0.1244,-0.1465,2.102,1.3633,-1.9145,-1.0498,-1.7106,-1.6272,1.1717,-1.808,1.0435,-1.1866,-1.1233,-1.1903,-0.4064,-0.6481,1.3448,1.1233,0.7971,0.1838,1.594,0.1788,-2.0179,0.4494,0.6865,2.3045,-1.0597,2.8939,2.3645,-0.022,0.6621,-0.2081,-2.6481,2.0569,-1.3074,-0.4161,-0.9144,1.2638,1.1354,0.434,0.8369,-2.5536,1.3204,-1.3712,1.3869,-2.0421,-2.7886,-0.4636,-2.2521,2.3562,2.9376,-1.9374,1.1843,2.7029,-1.9699,1.9455,2.1588,-1.9932,2.3699,3.1239,-1.1018,2.9543,2.205,0.2478,-1.2356,1.4037,-2.3197,0.2877,-0.6151,2.2258,-0.2585,1.6539,1.0614,0.6383,-0.2958,-1.8753,-3.0382,-2.2697,-2.62,-1.351,-0.245,0.847,0.7991,1.5541,1.2278,2.975,-2.363,2.1451,-3.0342,0.1181,1.4601,-2.3761,-0.2796,0.6214,0.0815,0.1512,-2.5755,-0.2842,-1.2692,-0.9184,-0.8463,2.5559,2.6258,1.5828,-3.02,-0.9609,-1.9448,2.9051,-2.3497,-0.6865,-2.407,-0.0973,-1.6065,-0.5298,2.178,-0.1554,-2.4094,2.438,1.7074,1.82,0.0,2.1082,-0.2915,-0.0568,2.5468,1.8537,-1.7234,2.0191,-2.2329,0.2504,1.9741,1.5836,-1.9513,-3.0638,-1.0464,-2.6441,-1.5592,0.5237,-0.4081,0.026,2.3723,-0.8934,-1.9169,-0.4533,-2.7252,0.7386,-2.2482
-4.0376,-2.3562,-1.3204,-0.8837,0.6264,-1.5308,-3.389,-1.3554,1.2523,0.3844,1.0744,-3.718,-3.7383,1.4435,2.102,-0.5738,-1.8756,-2.5205,-0.1364,1.732,-1.8925,-2.769,1.6902,-2.5954,-3.5609,-3.0601,-1.459,1.0442,0.2013,1.932,-1.6705,1.7555,1.3102,1.1201,-0.088,-3.1773,-1.9513,-0.549,0.4101,-2.5592,0.5517,-0.3844,-3.4464,-3.1262,-2.6498,-1.7849,0.7707,-0.4507,0.1316,1.6476,0.9025,-3.3281,-1.3423,-3.5682,-1.0286,0.6288,-1.8982,-3.0936,-0.1045,-3.4583,-1.6815,2.2299,2.191,-0.5962,-1.7957,-1.865,-0.6375,0.1253,-0.1988,2.1692,-2.5894,0.648,1.0089,-0.4006,1.0689,0.5202,-0.4092,-0.0465,0.4204,-0.4293,0.2921,-3.529,-1.3567,0.9859,1.8509,-1.2415,-1.9007,-3.8486,0.7503,-1.0454,-0.9053,-3.2587,1.5283,-3.9198,0.6362,1.4825,2.2577,-3.3197,-4.014,1.1567,-3.1668,1.421,-2.6992,-1.9863,0.7105,0.3709,-1.6203,0.0495,1.6643,-2.4627,-0.2037,1.7016,-2.7975,0.3703,-0.5794,-0.7715,0.6281,-2.2749,-2.0618,-2.3996,-0.7493,-2.8252,0.6705,0.5322,-1.3108,-3.1416,-1.7412,0.3906,-0.2471,-3.5721,0.0743,-2.3408,-1.962,1.9422,-3.2447,-2.2794,-3.0056,-1.3129,0.8584,0.5404,-1.3479,-3.5004,-3.9733,-3.647,-1.8023,-2.4882,2.0533,1.3711,1.439,-0.3465,0.8638,-0.1849,-3.5835,-3.3603,0.2187,0.9374,1.4615,-3.0951,-0.4674,-2.4228,-1.8408,-0.967,-2.3681,0.3821,0.9325,-1.6572,-1.4456,2.1134,1.7016,-1.4452,1.3009,0.7787,0.4298,1.1122,0.3101,-2.914,-2.6698,-3.1416,-0.5678,-0.449,-1.7403,-2.9318,-2.1234,-3.3924,-1.7925,1.3481,-0.1974,-3.6197,-2.3784,2.2974,-0.7914,-3.5755,-3.8062,0.3672,0.5615,0.2329,-3.2138,0.0938,-0.7923,1.8925,-1.094,-3.8604,0.3246,-0.0485,-1.9629,-0.5165,-0.0571,1.0027,-1.7539,0.2765,-0.1293,-2.2027,-1.8342,1.1883,-3.1601,-2.559,1.1766,1.415,1.3612,-3.0172,-0.8807,-3.2129,-0.5056,-4.0689,-1.2544,-0.0726,-3.7497,-0.9532,-2.979,-3.8925,-0.3534,-0.9375,1.651,-2.3562,1.0358,-3.5649,-3.8547,-1.7614,-2.1045,2.2615,1.8714,-3.0401,-3.279,0.7854,0.5826,-2.5948,0.6225,0.5779,1.6193,-2.7677,-2.0212,-3.964,-1.0304,1.0062,1.5708,-3.3369,-1.1247,1.8591,2.2782,-0.1526,-0.7091,1.7702,-0.2198,-0.1558,1.4004,1.2005,-0.903,0.0,1.7208,-2.7761,0.2194,-2.9322,1.657,2.1172,-2.621,-0.1695,-1.0171,1.5371,1.1561,-1.7415,-1.9866,-2.6623,0.8026,-2.9229,-0.7086,-2.6168,-2.9242,-3.6239,-0.7648,-0.7785,-2.4093,-0.5562,0.4149,-3.0549,-1.0142,-2.3051,1.1844,-0.1906,-3.2287,-0.6767,-1.0732,0.8013,-2.5877,-0.5754,-0.156,-4.0017,-0.1031,0.0785,1.3781,-3.7642,-0.1272,-0.8447,-1.0796,-0.2464,-2.4362,-2.2687,-0.073,2.1087,-2.9796,-3.8531,-3.2501,-2.2668,-2.2233,1.7506,-3.0558,2.251,-2.2666,-3.1019,-1.8925,-1.3973,-3.5282,-2.3086,-0.364,-3.1257,1.1071,0.3827,-1.6045,0.746,2.0081,-2.7588,-3.1612,-1.0244,-2.5983,-2.9889,-2.5269,-1.4181,-1.3899,-3.4017,-0.1489,2.2118,0.3087,-1.6038,-1.6481,1.11,-0.9431,1.1273,2.0688,-2.7891,-0.7854,-0.9098,-1.2157,0.851,0.6191,-0.7557,-0.9435,-1.0467,1.2982,0.5713,-2.6648,-1.8285,-2.5658,-2.4384,0.3726,-2.5592,0.2163,-1.9757,-1.9607,-2.0344,-1.1862,-1.3861,0.5312,0.1612,-0.0276,-0.6167,0.7546,-0.5972,-2.7414,-0.3479,-0.0831,1.4872,-1.8816,1.9196,1.5708,-0.7625,-0.3337,-0.9189,-3.6142,1.2885,-2.0068,-1.2327,-1.7984,0.2161,0.245,-0.4491,-0.1077,-3.4727,0.6152,-2.2422,0.5082,-2.9889,-3.7355,-1.397,-3.1113,1.6208,2.0886,-2.7656,0.2681,1.8446,-2.7993,1.0714,1.4073,-2.9229,1.5042,2.2849,-1.9787,2.086,1.3016,-0.6041,-2.1218,0.5306,-3.1517,-0.6225,-1.4573,1.3339,-1.1389,0.8534,0.1853,-0.2123,-1.0992,-2.6471,-3.8751,-3.0787,-3.4387,-2.1643,-1.1536,0.0256,0.0094,0.6989,0.4428,2.042,-3.1707,1.3976,-3.9548,-0.6618,0.7653,-3.1691,-1.0257,-0.207,-0.7161,-0.7854,-3.3612,-1.2096,-2.1815,-1.6834,-1.7813,1.6721,1.87,0.6747,-3.8147,-1.8801,-2.7707,1.9682,-3.2493,-1.6539,-3.2883,-0.9533,-2.5153,-1.419,1.2382,-0.9453,-3.2823,1.5153,0.8584,0.9358,-0.7775,1.2994,-1.1839,-0.9618,1.6421,1.0972,-2.4897,1.1717,-3.0186,-0.5849,1.0603,0.7509,-2.7455,-3.9183,-1.8559,-3.3993,-2.3721,-0.245,-1.2161,-0.7679,1.6251,-1.8096,-2.7144,-1.3949,-3.6396,-0.0106,-3.2087
-4.8693,-3.2121,-2.2252,-1.722,-0.1405,-2.3784,-4.223,-2.0302,0.4366,-0.3971,0.3677,-4.5332,-4.5002,0.5984,1.3576,-1.2245,-2.6735,-3.3989,-0.7591,0.9402,-2.7399,-3.4697,1.0272,-3.5382,-4.2581,-3.8327,-2.2805,0.2887,-0.6767,1.1418,-2.3343,1.1255,0.5229,0.2669,-0.9106,-3.9971,-2.583,-1.3511,-0.343,-3.3866,-0.1676,-1.027,-4.2184,-3.9709,-3.3721,-2.6012,0.0,-1.7943,-0.5633,0.8546,0.1384,-4.1902,-2.1238,-4.4626,-1.7719,-0.0286,-2.6072,-3.8121,-0.8663,-4.2882,-2.4082,1.4859,1.4015,-1.3552,-2.6526,-2.6452,-1.3734,-0.6965,-0.979,1.4289,-3.3647,-0.0997,0.2268,-1.1632,0.3343,-0.2892,-1.1351,-0.9132,-0.3185,-1.1071,-0.6073,-4.2519,-2.2603,0.2529,1.1903,-2.0844,-2.716,-4.7552,-0.0493,-1.759,-1.7304,-4.0249,0.7647,-4.6757,-0.0937,0.581,1.5125,-4.1768,-4.8568,0.4553,-4.0301,0.7163,-3.6013,-2.7455,0.042,-0.4986,-2.3562,-0.6762,0.9332,-3.3039,-1.0983,0.9525,-3.7107,-0.4636,-1.3234,-1.4785,-0.2098,-2.9482,-2.8885,-3.2848,-1.5954,-3.6371,-0.1526,-0.3189,-2.1727,-4.0066,-2.5756,-0.3956,-1.1361,-4.4424,-0.625,-3.2129,-2.6922,1.0528,-3.9885,-3.1008,-3.8623,-2.1807,-0.0106,-0.2673,-2.1256,-4.3364,-4.7743,-4.4308,-2.641,-3.153,1.2036,0.6629,0.5819,-1.0813,-0.0284,-1.0422,-4.4023,-4.2244,-0.6128,0.1614,0.6482,-3.8,-1.3374,-3.2477,-2.7069,-1.7165,-3.1178,-0.4266,0.1337,-2.4016,-2.3041,1.2933,0.8324,-2.2655,0.6092,0.0,-0.3388,0.2799,-0.4163,-3.7129,-3.4163,-3.9514,-1.3189,-1.1584,-2.5233,-3.8004,-2.8828,-4.1522,-2.7023,0.555,-0.9739,-4.4474,-3.1789,1.6365,-1.5787,-4.4108,-4.7238,-0.351,-0.1651,-0.671,-4.172,-0.7249,-1.5433,1.1958,-1.995,-4.8017,-0.4895,-0.8961,-2.8309,-1.4219,-0.9681,0.1539,-2.4541,-0.6884,-1.0447,-2.9701,-2.7393,0.3081,-4.0513,-3.495,0.3415,0.6771,0.3507,-3.7698,-1.7995,-4.0875,-1.3909,-4.9253,-2.1566,-1.0276,-4.65,-1.837,-3.8486,-4.5364,-1.222,-1.7719,0.8031,-3.2225,0.2414,-4.3788,-4.6075,-2.593,-2.3832,1.4456,1.0132,-3.8646,-4.0048,-0.2146,-0.1576,-3.4745,-0.1815,-0.2345,0.8449,-3.4913,-2.808,-4.9311,-1.8669,-0.0145,0.6947,-4.1159,-1.9445,0.985,1.53,-0.9481,-1.5789,0.964,-0.9855,-0.9998,0.6375,0.3575,-1.7054,-0.9642,1.049,-3.5004,-0.6663,-3.6199,0.9479,1.4304,-3.339,-1.0231,-1.9631,0.823,0.3957,-2.4603,-2.6581,-3.4463,-0.1251,-3.6052,-1.5223,-3.3224,-3.591,-4.3779,-1.6684,-1.5988,-3.3568,-1.2044,-0.3029,-3.8682,-1.8008,-3.0136,0.3296,-1.0053,-3.9205,-1.5226,-1.87,0.1704,-3.2034,-1.2627,-0.7927,-4.7777,-0.7328,-0.5333,0.607,-4.5893,-0.9318,-1.7127,-1.8743,-1.0465,-3.3269,-3.0524,-0.9112,1.2975,-3.7471,-4.7208,-4.0165,-2.8922,-3.018,0.9676,-3.8469,1.511,-3.0611,-3.8127,-2.6693,-2.1614,-4.2487,-3.1553,-1.249,-4.0071,0.2397,-0.2936,-2.3637,0.0104,1.117,-3.503,-3.8919,-1.8891,-3.3279,-3.7899,-3.3811,-2.336,-2.1151,-4.112,-1.0049,1.4017,-0.5935,-2.3489,-2.3693,0.3862,-1.7946,0.4258,1.2036,-3.6007,-1.6531,-1.7731,-2.0701,0.1268,-0.252,-1.5978,-1.7406,-1.9021,0.5204,-0.2011,-3.4174,-2.6394,-3.4041,-3.1495,-0.4233,-3.2957,-0.6018,-2.7393,-2.6012,-2.8133,-1.9187,-2.0887,-0.2573,-0.715,-0.8298,-1.3999,-0.0408,-1.3487,-3.5041,-1.1289,-0.8128,0.6279,-2.6627,0.9659,0.7929,-1.481,-1.2633,-1.6096,-4.3703,0.5112,-2.7133,-2.0517,-2.6648,-0.6974,-0.6213,-1.2649,-0.949,-4.3302,-0.0706,-3.0618,-0.3381,-3.8363,-4.6584,-2.2555,-3.9675,0.9048,1.2784,-3.5806,-0.618,1.0111,-3.6052,0.2085,0.6911,-3.8149,0.6488,1.5064,-2.8268,1.2766,0.4266,-1.4334,-3.0233,-0.2977,-3.9733,-1.4995,-2.2645,0.4636,-1.9737,0.0145,-0.648,-1.0053,-1.8844,-3.3746,-4.6948,-3.8527,-4.2528,-2.9239,-1.9871,-0.7685,-0.7028,-0.1167,-0.3329,1.1241,-3.9459,0.6528,-4.8201,-1.3888,0.0438,-3.9523,-1.7614,-0.9727,-1.4442,-1.6678,-4.0902,-2.0982,-3.085,-2.4374,-2.6851,0.8023,1.1747,-0.2579,-4.536,-2.7967,-3.5689,1.074,-4.1197,-2.583,-4.1791,-1.764,-3.4165,-2.2724,0.3218,-1.7068,-4.1178,0.625,0.0877,0.0483,-1.53,0.5459,-1.9974,-1.8546,0.796,0.3152,-3.2003,0.3672,-3.7935,-1.4389,0.1634,-0.0112,-3.5236,-4.7238,-2.6429,-4.1244,-3.1522,-0.9798,-2.0199,-1.5254,0.9071,-2.7324,-3.4904,-2.2682,-4.5007,-0.7572,-4.1023
-5.8195,-4.1313,-3.1918,-2.6438,-0.9828,-3.3377,-5.0803,-2.7828,-0.4404,-1.2332,-0.523,-5.3858,-5.3199,-0.2697,0.5333,-1.9047,-3.5278,-4.3075,-1.4464,0.086,-3.6128,-4.2255,0.285,-4.5281,-5.0109,-4.6235,-3.1319,-0.5421,-1.5776,0.2593,-3.0673,0.4309,-0.3085,-0.6158,-1.7738,-4.6384,-3.4432,-2.2241,-1.1866,-4.2667,-0.9151,-1.7561,-5.0781,-4.7707,-4.13,-3.4797,-0.8357,-2.508,-1.3854,-0.0127,-0.7148,-5.1053,-2.9484,-5.3518,-2.5697,-0.8199,-3.4187,-4.5915,-1.6981,-5.1585,-3.1585,0.7336,0.5419,-2.1876,-3.5013,-3.4871,-2.1776,-1.5487,-1.7949,0.6435,-4.2299,-0.9214,-0.6624,-1.9784,-0.4317,-1.156,-1.98,-1.8925,-1.0828,-1.8856,-1.5354,-5.0534,-3.2129,-0.5539,0.4522,-2.9784,-3.622,-5.7034,-0.7854,-2.5101,-2.5338,-4.824,-0.05,-5.5179,-0.866,-0.3412,0.7188,-5.1297,-5.7571,-0.3308,-4.9594,-0.0641,-4.5548,-3.551,-0.7913,-1.4303,-3.1704,-1.3918,0.136,-4.1457,-2.0257,0.158,-4.6655,-1.3812,-2.1231,-2.2326,-1.1196,-3.7184,-3.7648,-4.2224,-2.4828,-4.4794,-1.0395,-1.29,-3.0563,-4.9311,-3.4956,-1.2556,-2.0899,-5.3577,-1.3714,-4.1042,-3.4564,0.095,-4.79,-3.9849,-4.754,-3.0056,-0.923,-1.1526,-2.9844,-5.1475,-5.6182,-5.25,-3.5121,-3.9106,0.3034,-0.1107,-0.3324,-1.8899,-0.9426,-1.9417,-5.277,-5.1463,-1.4813,-0.6711,-0.2235,-4.5737,-2.274,-4.1385,-3.6576,-2.5128,-3.9386,-1.3407,-0.7604,-3.2091,-3.2129,0.4315,-0.0781,-3.1322,-0.2154,-0.8387,-1.161,-0.5706,-1.1348,-4.5782,-4.2246,-4.8311,-2.1504,-1.9144,-3.3671,-4.7124,-3.682,-4.9772,-3.7331,-0.2845,-1.7796,-5.3418,-4.0206,0.8795,-2.4267,-4.8394,-5.7053,-1.1431,-0.9197,-1.622,-5.182,-1.6269,-2.3562,0.4141,-2.8511,-5.8056,-1.3387,-1.8063,-3.7501,-2.2839,-1.8896,-0.7792,-3.2969,-1.5845,-2.0086,-3.7933,-3.7023,-0.6731,-4.9616,-4.4768,-0.6035,-0.1362,-0.4066,-4.6162,-2.7899,-5.0249,-2.3459,-5.8597,-3.1256,-2.0044,-5.5034,-2.8031,-4.7511,-5.3772,-2.1421,-2.6318,-0.1191,-4.0774,-0.6001,-5.2385,-5.486,-3.4968,-3.2493,0.5921,0.1406,-4.7214,-4.8184,-1.3537,-0.9495,-4.3791,-1.0574,-1.0953,-0.0185,-4.3522,-3.6704,-5.9226,-2.9341,-0.5228,-0.2202,-4.9299,-2.811,0.1553,0.712,-1.8007,-2.4619,0.079,-1.8396,-1.8822,-0.1934,-0.5344,-2.536,-1.9773,0.3252,-4.2777,-1.5929,-4.4752,0.1767,0.6865,-4.1034,-1.9445,-2.8843,0.0644,-0.4234,-3.2391,-3.3893,-4.2487,-1.1014,-4.3262,-2.3485,-4.0972,-4.3118,-5.2034,-2.6252,-2.4772,-4.3048,-1.927,-1.0796,-4.723,-2.6099,-3.7548,-0.6278,-1.9246,-4.6464,-2.4295,-2.734,-0.546,-3.9044,-1.9614,-1.4972,-5.6023,-1.4304,-1.1923,-0.2018,-5.494,-1.7869,-2.6278,-2.7393,-1.8791,-4.2216,-3.9026,-1.7733,0.4742,-4.5548,-5.5987,-4.8729,-3.5721,-3.8479,0.1651,-4.7225,0.7145,-3.8913,-4.5972,-3.4946,-2.9845,-5.0867,-4.003,-2.2721,-4.952,-0.699,-1.0265,-3.1959,-0.7556,0.193,-4.3,-4.6925,-2.7919,-4.136,-4.662,-4.3,-3.2716,-2.8994,-4.8929,-1.9146,0.5342,-1.5361,-3.1312,-3.1481,-0.4023,-2.7097,-0.3525,0.2692,-4.4524,-2.5652,-2.6934,-2.9681,-0.6435,-1.1829,-2.5107,-2.5944,-2.8248,-0.3059,-1.0236,-4.1816,-3.5012,-4.2725,-3.9746,-1.2588,-4.0944,-1.4701,-3.5588,-3.3808,-3.6712,-2.7202,-2.8491,-1.0796,-1.6413,-1.6917,-2.2513,-0.8895,-2.1763,-4.2684,-1.9477,-1.6002,-0.2748,-3.5266,-0.0292,0.0,-2.2682,-2.226,-2.3419,-5.3871,-0.2844,-3.4475,-2.899,-3.5608,-1.6746,-1.5526,-2.1476,-1.8454,-5.2258,-0.8144,-3.9486,-1.2096,-4.7351,-5.6454,-3.1942,-4.8598,0.1244,0.4118,-4.4375,-1.5402,0.1346,-4.4551,-0.6911,-0.0768,-4.7591,-0.2537,0.6485,-3.7296,0.429,-0.5117,-2.3254,-3.9486,-1.182,-4.8379,-2.434,-3.1583,-0.4541,-2.8547,-0.8173,-1.5555,-1.8662,-2.6976,-4.1618,-5.5103,-4.6655,-5.1185,-3.7508,-2.8474,-1.6121,-1.5072,-0.9693,-1.1397,0.2105,-4.7771,-0.1244,-5.7708,-2.1815,-0.7266,-4.7654,-2.5511,-1.8338,-2.2559,-2.5917,-4.9014,-3.0448,-4.0177,-3.2361,-3.6199,-0.1254,0.3772,-1.2068,-5.3361,-3.7375,-4.4065,0.1326,-5.0228,-3.5568,-5.1064,-2.6636,-4.3665,-3.1841,-0.6552,-2.5388,-5.0054,-0.3085,-0.7775,-0.875,-2.3562,-0.2805,-2.8633,-2.8069,-0.102,-0.478,-3.9833,-0.4918,-4.5854,-2.2983,-0.7776,-0.8584,-4.335,-5.5783,-3.4659,-4.9271,-3.9796,-1.7704,-2.8887,-2.3643,0.1141,-3.666,-4.3222,-3.2443,-5.4508,-1.5508,-5.0341
-6.6713,-5.0015,-4.1839,-3.5024,-1.7644,-4.2167,-5.9408,-3.4774,-1.2912,-2.0429,-1.3143,-6.1947,-6.123,-1.114,-0.273,-2.5742,-4.3694,-5.2028,-2.1097,-0.6483,-4.485,-4.9643,-0.4073,-5.5033,-5.7309,-5.421,-3.9782,-1.3324,-2.4669,-0.5803,-3.7653,-0.2261,-1.1458,-1.5116,-2.6224,-5.3777,-4.1411,-3.0683,-2.0013,-5.1306,-1.6987,-2.4165,-5.8869,-5.6153,-4.876,-4.3176,-1.6268,-3.5275,-2.3086,-0.8791,-1.4481,-5.9853,-3.7754,-6.2924,-3.3477,-1.6263,-4.1646,-5.3387,-2.4905,-6.0163,-3.8984,-0.076,-0.3063,-2.9788,-4.3388,-4.2924,-2.9513,-2.3708,-2.6116,-0.1286,-5.0162,-1.6838,-1.4901,-2.7737,-1.1868,-1.9542,-2.7367,-2.8056,-1.8234,-2.6135,-2.4451,-5.8292,-4.1337,-1.3232,-0.248,-3.8281,-4.4646,-6.6494,-1.5943,-3.2535,-3.3846,-5.6221,-0.8581,-6.31,-1.6118,-1.2847,-0.032,-6.1106,-6.643,-1.0793,-5.8552,-0.8211,-5.4856,-4.3458,-1.5153,-2.3368,-3.9395,-2.1442,-0.6474,-4.9873,-2.946,-0.6107,-5.5922,-2.2441,-2.8706,-2.9562,-1.9802,-4.4979,-4.592,-5.1196,-3.3236,-5.3111,-1.8952,-2.1708,-3.95,-5.812,-4.3603,-2.0686,-3.003,-6.2319,-2.0899,-4.9973,-4.2171,-0.836,-5.5701,-4.8178,-5.6515,-3.8658,-1.7819,-1.9826,-3.7785,-6.014,-6.4645,-6.0645,-4.3605,-4.6041,-0.5838,-0.8417,-1.2237,-2.6493,-1.8481,-2.8379,-6.1151,-6.0457,-2.3318,-1.467,-1.0614,-5.3105,-3.1645,-4.9918,-4.555,-3.2909,-4.7355,-2.2677,-1.6036,-3.9911,-4.0906,-0.4214,-0.985,-4.0076,-0.9828,-1.6775,-1.9497,-1.4077,-1.8925,-5.3918,-5.0128,-5.6581,-2.9604,-2.6668,-4.1748,-5.5969,-4.4484,-5.7783,-4.7311,-1.1296,-2.5822,-6.1791,-4.8358,0.1671,-3.242,-5.5726,-6.6529,-1.9075,-1.6683,-2.5502,-6.1676,-2.4684,-3.1329,-0.3218,-3.7662,-6.7825,-2.1727,-2.7022,-4.7124,-3.1222,-2.8171,-1.677,-4.0197,-2.4795,-2.9355,-4.5909,-4.6099,-1.6112,-5.8123,-5.4251,-1.5178,-0.9031,-1.4896,-5.4289,-3.7296,-5.865,-3.2855,-6.8196,-4.0304,-2.9499,-6.4113,-3.7397,-5.6485,-6.0747,-3.0435,-3.495,-0.9828,-4.9603,-1.41,-6.0259,-6.2098,-4.321,-3.9074,-0.2465,-0.7547,-5.57,-5.591,-2.0721,-1.7005,-5.2399,-1.898,-1.9498,-0.922,-5.2207,-4.4869,-6.8819,-3.6052,-1.4739,-0.9904,-5.7328,-3.6672,-0.7981,-0.0576,-2.6477,-3.4156,-0.7726,-2.6258,-2.7641,-1.032,-1.4249,-3.3727,-2.9755,-0.375,-5.0495,-2.5497,-5.2721,-0.5791,0.0,-4.8456,-2.8444,-3.8085,-0.6732,-1.1694,-3.9898,-4.0957,-5.1033,-2.0596,-5.0011,-3.1251,-4.8111,-5.0087,-5.9821,-3.5483,-3.3477,-5.2438,-2.6099,-1.8089,-5.5533,-3.4294,-4.5077,-1.5205,-2.7744,-5.3489,-3.2754,-3.5666,-1.2397,-4.53,-2.6915,-2.1588,-6.4064,-2.0924,-1.8252,-0.9975,-6.3676,-2.6418,-3.5359,-3.5682,-2.6437,-5.0942,-4.696,-2.6026,-0.3218,-5.3406,-6.4321,-5.6831,-4.2449,-4.7327,-0.6347,-5.4839,-0.0683,-4.649,-5.3671,-4.358,-3.7778,-5.8727,-4.8043,-3.2065,-5.8579,-1.591,-1.7479,-3.9898,-1.5126,-0.7198,-5.0648,-5.4318,-3.6682,-4.8944,-5.4978,-5.2042,-4.1792,-3.6568,-5.6382,-2.7828,-0.3148,-2.4638,-3.9066,-3.8962,-1.1538,-3.5869,-1.0714,-0.6357,-5.3083,-3.4787,-3.5906,-3.8422,-1.4132,-2.0761,-3.3833,-3.4149,-3.7049,-1.103,-1.8158,-4.9489,-4.321,-5.1433,-4.7124,-2.0761,-4.8581,-2.2905,-4.3337,-4.1698,-4.4885,-3.506,-3.5925,-1.8834,-2.5357,-2.5097,-3.0589,-1.7234,-2.9635,-5.0183,-2.744,-2.3692,-1.1151,-4.3382,-1.0255,-0.7925,-3.009,-3.2123,-3.0484,-6.3045,-1.1166,-4.183,-3.7168,-4.4541,-2.6392,-2.4348,-2.997,-2.7538,-6.118,-1.5331,-4.8056,-2.1129,-5.6533,-6.5942,-4.0946,-5.7227,-0.588,-0.4152,-5.2476,-2.4625,-0.7251,-5.274,-1.5796,-0.8366,-5.6903,-1.126,-0.1792,-4.6208,-0.4109,-1.4181,-3.1713,-4.8543,-2.0297,-5.6681,-3.339,-3.9995,-1.3521,-3.7152,-1.6498,-2.4167,-2.7234,-3.4994,-4.9458,-6.3587,-5.4716,-5.9315,-4.5325,-3.7219,-2.438,-2.2953,-1.814,-1.9386,-0.6977,-5.5939,-0.8948,-6.6589,-2.9412,-1.4454,-5.5281,-3.2881,-2.6395,-3.0033,-3.5237,-5.7331,-3.9645,-4.9359,-4.0055,-4.5639,-1.0331,-0.3452,-2.0887,-6.1001,-4.5869,-5.2488,-0.8136,-5.9011,-4.4761,-6.0153,-3.5166,-5.2871,-4.0631,-1.5708,-3.3603,-5.854,-1.2369,-1.6011,-1.7713,-3.132,-1.0758,-3.7188,-3.709,-0.9746,-1.2237,-4.7494,-1.3349,-5.4022,-3.1696,-1.6902,-1.6849,-5.1377,-6.4088,-4.2693,-5.6776,-4.8013,-2.5341,-3.7159,-3.1622,-0.6454,-4.593,-5.1099,-4.1863,-6.3297,-2.3105,-5.9664
-7.5341,-5.8701,-5.0939,-4.3659,-2.5278,-5.1041,-6.7627,-4.1659,-2.1176,-2.8054,-2.1055,-6.9769,-6.8627,-1.9287,-1.04,-3.2211,-5.1468,-6.0436,-2.7128,-1.512,-5.3263,-5.6454,-1.0714,-6.4637,-6.397,-6.1774,-4.7654,-2.0932,-3.3132,-1.3628,-4.4274,-0.8591,-1.9339,-2.3081,-3.4281,-6.1085,-4.8437,-3.8273,-2.7461,-5.9439,-2.3823,-3.0577,-6.6688,-6.3419,-5.5705,-5.1173,-2.3889,-4.3472,-3.1079,-1.7475,-2.2219,-6.8309,-4.5537,-7.1695,-4.1052,-2.3789,-4.89,-6.0301,-3.2329,-6.8402,-4.6009,-0.7783,-1.0964,-3.7413,-5.1861,-5.0802,-3.7002,-3.1694,-3.3784,-0.8386,-5.8124,-2.4254,-2.2739,-3.5428,-1.8984,-2.7438,-3.4754,-3.7112,-2.5274,-3.2722,-3.3336,-6.5526,-5.0298,-2.039,-0.8907,-4.65,-5.2662,-7.5652,-2.3239,-3.9499,-4.1221,-6.3534,-1.6343,-7.0806,-2.3001,-2.1478,-0.7578,-7.012,-7.4923,-1.7648,-6.7078,-1.5221,-6.3663,-5.0944,-2.2284,-3.2035,-4.6868,-2.8656,-1.3978,-5.816,-3.8408,-1.3416,-6.482,-3.1062,-3.6091,-3.6607,-2.8225,-5.2125,-5.397,-6.0085,-4.1627,-6.1094,-2.725,-3.0556,-4.8002,-6.6683,-5.2007,-2.8608,-3.8784,-7.0806,-2.7645,-5.8659,-4.9214,-1.746,-6.3028,-5.5873,-6.51,-4.6846,-2.6308,-2.8102,-4.5778,-6.8272,-7.2234,-6.7932,-5.1891,-5.3173,-1.4502,-1.5708,-2.0654,-3.379,-2.7113,-3.6722,-6.9352,-6.9287,-3.1416,-2.2517,-1.8634,-6.0226,-4.0304,-5.8125,-5.4378,-4.0219,-5.4763,-3.1251,-2.4032,-4.7321,-4.9206,-1.2113,-1.8273,-4.8155,-1.733,-2.4655,-2.6968,-2.2169,-2.5956,-6.1797,-5.7428,-6.4579,-3.7253,-3.3639,-4.9652,-6.4457,-5.2107,-6.5393,-5.6523,-1.9138,-3.342,-7.002,-5.604,-0.5443,-4.0245,-6.2529,-7.5757,-2.653,-2.3636,-3.4555,-7.1192,-3.324,-3.8604,-1.0335,-4.6404,-7.7233,-2.9632,-3.5488,-5.5339,-3.9988,-3.7134,-2.5381,-4.7366,-3.3183,-3.89,-5.3484,-5.5169,-2.4762,-6.6665,-6.3479,-2.3936,-1.6447,-2.3245,-6.1258,-4.6319,-6.7731,-4.2014,-7.6437,-4.9682,-3.9173,-7.2076,-4.6334,-6.4862,-6.7839,-3.9043,-4.3496,-1.9071,-5.7655,-2.2194,-6.8343,-6.943,-5.0503,-4.7805,-1.0108,-1.596,-6.3656,-6.2933,-2.5787,-2.4348,-6.1033,-2.6892,-2.7566,-1.7445,-5.8717,-5.2811,-7.8463,-4.4755,-2.1848,-1.8526,-6.5058,-4.4798,-1.4776,-0.805,-3.4374,-4.2342,-1.5883,-3.4139,-3.6052,-1.8222,-2.2581,-4.1528,-3.9102,-1.0204,-5.7605,-3.5093,-6.0264,-1.2784,-0.6703,-5.5653,-3.679,-4.7436,-1.3697,-1.9196,-4.7124,-4.7717,-5.8741,-2.9582,-5.647,-3.8802,-5.5313,-5.6551,-6.725,-4.4486,-4.1749,-6.1452,-3.2599,-2.5182,-6.3592,-4.1764,-5.1881,-2.3973,-3.6416,-6.0072,-4.0884,-4.3336,-1.8925,-5.1429,-3.3794,-2.7817,-7.1735,-2.7079,-2.4289,-1.7623,-7.1953,-3.4383,-4.3772,-4.3766,-3.4119,-5.7608,-5.4682,-3.4056,-1.1178,-6.0989,-7.2683,-6.4608,-4.865,-5.5217,-1.3751,-6.3014,-0.7732,-5.4219,-6.0842,-5.1221,-4.515,-6.6158,-5.5985,-4.0997,-6.7419,-2.4607,-2.399,-4.7508,-2.2236,-1.6108,-5.792,-6.1494,-4.53,-5.6208,-6.3149,-6.07,-5.0848,-4.3781,-6.3339,-3.6557,-1.1259,-3.3596,-4.6384,-4.6133,-1.8629,-4.4341,-1.7738,-1.4922,-6.1074,-4.3353,-4.4555,-4.694,-2.1313,-2.9406,-4.2136,-4.1976,-4.5592,-1.8726,-2.5682,-5.6718,-5.0703,-5.9451,-5.4201,-2.8398,-5.5907,-3.1056,-5.0561,-4.8085,-5.277,-4.2319,-4.2813,-2.6657,-3.403,-3.3129,-3.8371,-2.5148,-3.7012,-5.736,-3.5173,-3.0803,-1.9524,-5.1476,-1.9459,-1.542,-3.7245,-4.136,-3.7271,-7.1602,-1.8351,-4.8644,-4.5237,-5.3004,-3.5848,-3.3253,-3.7962,-3.6714,-6.979,-2.1996,-5.6198,-2.9351,-6.4903,-7.4952,-4.9897,-6.5518,-1.2818,-1.2252,-6.04,-3.3336,-1.5523,-6.0645,-2.4228,-1.5363,-6.5591,-1.965,-0.9638,-5.4768,-1.2684,-2.298,-3.989,-5.7364,-2.8462,-6.4907,-4.2045,-4.8136,-2.2143,-4.5352,-2.4635,-3.257,-3.5192,-4.2811,-5.6952,-7.1382,-6.2249,-6.728,-5.2765,-4.5502,-3.226,-3.0367,-2.6114,-2.6779,-1.6453,-6.3252,-1.6009,-7.5745,-3.6702,-2.1431,-6.2496,-4.0156,-3.4049,-3.725,-4.4201,-6.4294,-4.8579,-5.8234,-4.736,-5.4481,-1.8852,-1.0637,-2.9538,-6.8371,-5.4916,-6.0196,-1.7298,-6.7799,-5.3926,-6.8864,-4.3405,-6.1628,-4.9261,-2.4692,-4.1296,-6.675,-2.1128,-2.3907,-2.6292,-3.888,-1.8304,-4.5242,-4.6315,-1.8158,-1.9531,-5.4792,-2.141,-6.1531,-3.9843,-2.583,-2.4531,-5.8752,-7.2185,-5.0365,-6.4203,-5.5589,-3.2671,-4.5224,-3.9199,-1.3628,-5.4756,-5.8975,-5.0946,-7.2029,-3.0349,-6.8605
-8.4241,-6.7374,-6.0107,-5.2622,-3.3361,-5.9839,-7.6125,-4.8798,-2.9789,-3.6247,-2.8489,-7.7831,-7.6725,-2.7828,-1.8623,-3.8813,-5.9803,-6.9485,-3.3747,-2.2932,-6.179,-6.3881,-1.7834,-7.4434,-7.1229,-6.9645,-5.6271,-2.9069,-4.1953,-2.1927,-5.1345,-1.5326,-2.7653,-3.1879,-4.3012,-6.8619,-5.5776,-4.7124,-3.57,-6.8023,-3.161,-3.7378,-7.4642,-7.093,-6.3276,-5.9614,-3.1999,-5.2545,-3.9689,-2.6114,-2.9953,-7.6579,-5.3635,-8.1059,-4.8935,-3.1865,-5.6676,-6.789,-4.0137,-7.7069,-5.3364,-1.5398,-1.9311,-4.5387,-6.0382,-5.9141,-4.4777,-4.0111,-4.1748,-1.6241,-6.6397,-3.2205,-3.1298,-4.3458,-2.6618,-3.6163,-4.2487,-4.6411,-3.2764,-4.002,-4.2564,-7.3217,-5.9737,-2.8037,-1.6082,-5.5443,-6.1413,-8.5066,-3.1324,-4.6868,-4.9826,-7.1543,-2.4173,-7.881,-3.0653,-3.0772,-1.5262,-7.963,-8.3806,-2.5077,-7.5934,-2.2915,-7.3045,-5.8809,-2.9952,-4.1166,-5.4689,-3.5927,-2.1778,-6.6759,-4.7613,-2.1078,-7.4065,-3.9962,-4.3885,-4.4012,-3.6981,-5.9521,-6.2643,-6.9267,-5.0341,-6.9522,-3.6052,-3.9651,-5.6793,-7.5664,-6.0943,-3.7033,-4.8121,-7.9767,-3.5004,-6.7635,-5.6737,-2.6842,-7.1015,-6.4413,-7.4137,-5.5344,-3.5109,-3.654,-5.4113,-7.6697,-8.0632,-7.5914,-6.044,-6.0148,-2.3349,-2.2868,-2.9889,-4.1511,-3.6189,-4.5453,-7.7916,-7.8463,-4.0177,-3.0719,-2.7095,-6.7598,-4.9484,-6.6765,-6.3456,-4.7886,-6.2771,-3.9973,-3.2701,-5.5132,-5.817,-2.0577,-2.7434,-5.6702,-2.4863,-3.2905,-3.4887,-3.0303,-3.3163,-6.9864,-6.5249,-7.2842,-4.4614,-4.0881,-5.8046,-7.3373,-6.0143,-7.3457,-6.5952,-2.7536,-4.1313,-7.8717,-6.4309,-1.2658,-4.856,-6.9403,-8.5241,-3.4363,-3.1416,-4.3986,-8.108,-4.1795,-4.6721,-1.7753,-5.5386,-8.7232,-3.7917,-4.4223,-6.4587,-4.901,-4.6536,-3.4392,-5.5068,-4.2806,-4.8619,-6.1527,-6.4331,-3.3771,-7.5773,-7.3097,-3.3198,-2.416,-3.3928,-6.9882,-5.5767,-7.759,-5.1573,-8.5799,-5.906,-4.8658,-8.1407,-5.5708,-7.3773,-7.6341,-4.8082,-5.2044,-2.7762,-6.662,-3.0861,-7.6237,-7.8035,-5.8298,-5.5674,-1.8925,-2.4805,-7.2039,-7.0845,-3.4994,-3.2027,-6.9804,-3.5421,-3.6052,-2.5536,-6.6881,-6.1146,-8.844,-5.2233,-3.0717,-2.7085,-7.311,-5.3358,-2.2225,-1.6,-4.2714,-5.136,-2.4539,-4.2363,-4.4719,-2.64,-3.1367,-4.9735,-4.9039,-1.7322,-6.53,-4.4198,-6.8023,-2.0271,-1.3896,-6.3137,-4.6191,-5.6989,-2.119,-2.692,-5.4662,-5.4812,-6.6676,-3.9232,-6.356,-4.6345,-6.268,-6.3663,-7.5096,-5.3835,-5.0559,-7.1368,-3.9656,-3.2804,-7.1956,-4.9958,-5.9227,-3.2902,-4.5175,-6.7256,-4.9719,-5.1727,-2.5725,-5.8031,-4.0658,-3.4518,-7.9926,-3.3939,-3.0671,-2.5804,-8.0706,-4.2671,-5.2933,-5.2333,-4.2444,-6.7419,-6.29,-4.2392,-1.9201,-6.8972,-8.1072,-7.279,-5.5313,-6.3754,-2.196,-7.1564,-1.5637,-6.2192,-6.8639,-5.9566,-5.322,-7.3935,-6.4303,-5.0257,-7.6548,-3.3771,-3.1255,-5.5622,-2.985,-2.5186,-6.5615,-6.9173,-5.416,-6.4036,-7.1543,-6.9667,-5.9951,-5.141,-7.0855,-4.534,-1.9779,-4.2947,-5.4202,-5.3784,-2.6065,-5.3066,-2.5302,-2.3922,-6.9602,-5.2516,-5.348,-5.5847,-2.8861,-3.8502,-5.0959,-5.0364,-5.4561,-2.6972,-3.3866,-6.4439,-5.9139,-6.785,-6.1686,-3.6686,-6.36,-3.927,-5.8017,-5.5821,-6.096,-5.0179,-5.0433,-3.4841,-4.2533,-4.1643,-4.6497,-3.3491,-4.5018,-6.4791,-4.3306,-3.8624,-2.8103,-5.9551,-2.9329,-2.34,-4.4726,-5.1129,-4.4449,-8.0659,-2.6254,-5.5949,-5.3376,-6.1983,-4.5414,-4.2193,-4.6532,-4.6284,-7.894,-2.9285,-6.4918,-3.8221,-7.3712,-8.471,-5.8949,-7.4279,-2.0313,-2.0713,-6.8864,-4.2552,-2.4235,-6.8832,-3.3167,-2.2922,-7.4936,-2.8489,-1.8054,-6.3545,-2.0847,-3.2096,-4.8521,-6.6734,-3.725,-7.323,-5.1259,-5.6745,-3.1115,-5.4125,-3.3067,-4.1083,-4.3573,-5.088,-6.4515,-7.9703,-7.0395,-7.5784,-6.0953,-5.4026,-4.0357,-3.8131,-3.4595,-3.4842,-2.5502,-7.1567,-2.378,-8.5056,-4.4375,-2.881,-7.0828,-4.7756,-4.2338,-4.5189,-5.3407,-7.2014,-5.7833,-6.7499,-5.5158,-6.3841,-2.7977,-1.811,-3.8534,-7.609,-6.4181,-6.8438,-2.6679,-7.654,-6.3794,-7.804,-5.2023,-7.1097,-5.8098,-3.4132,-4.9482,-7.5421,-3.0383,-3.2172,-3.5398,-4.6762,-2.6194,-5.3779,-5.563,-2.7125,-2.7445,-6.2269,-2.9824,-6.9579,-4.8473,-3.5109,-3.2792,-6.6848,-8.0591,-5.8361,-7.1749,-6.3814,-4.0567,-5.3589,-4.7439,-2.143,-6.4215,-6.6814,-6.0295,-8.1213,-3.8219,-7.7981
-9.2704,-7.6249,-6.9768,-6.1282,-4.1299,-6.8884,-8.4735,-5.5892,-3.8438,-4.4314,-3.6637,-8.6046,-8.4577,-3.6128,-2.6574,-4.5607,-6.8007,-7.8205,-4.0289,-3.1118,-7.0521,-7.1212,-2.4756,-8.4071,-7.8472,-7.7549,-6.4608,-3.7069,-5.0846,-3.0324,-5.8317,-2.1981,-3.5726,-4.0153,-5.1512,-7.47,-6.4464,-5.5518,-4.3603,-7.6502,-3.9385,-4.4052,-8.2589,-7.8803,-7.0545,-6.8007,-3.9917,-6.2832,-4.7795,-3.4579,-3.7245,-8.523,-6.1815,-8.9919,-5.6679,-3.9927,-6.4098,-7.5379,-4.7974,-8.5331,-6.0677,-2.2929,-2.7557,-5.3253,-6.8894,-6.7303,-5.2571,-4.8412,-4.9756,-2.3814,-7.4569,-3.9926,-3.9612,-5.1434,-3.4163,-4.4031,-5.043,-5.5533,-4.0021,-4.7268,-5.162,-8.0872,-6.8939,-3.5682,-2.3213,-6.4058,-6.9961,-9.4351,-3.9104,-5.4227,-5.7987,-7.939,-3.2258,-8.6828,-3.7976,-3.9838,-2.2912,-8.9265,-9.2577,-3.2583,-8.4845,-3.0478,-8.2148,-6.6604,-3.7704,-5.0223,-6.2589,-4.3319,-2.9415,-7.5304,-5.68,-2.8706,-8.337,-4.8622,-5.1568,-5.1444,-4.562,-6.7234,-7.0766,-7.8418,-5.8975,-7.7717,-4.4646,-4.8835,-6.5535,-8.4487,-6.9689,-4.5251,-5.7216,-8.8505,-4.24,-7.663,-6.427,-3.6109,-7.8748,-7.2912,-8.3147,-6.3938,-4.3991,-4.5056,-6.2413,-8.5232,-8.8925,-8.3773,-6.9022,-6.6972,-3.2347,-3.0426,-3.8882,-4.9178,-4.5093,-5.4246,-8.6438,-8.7521,-4.8639,-3.8889,-3.5385,-7.5039,-5.8445,-7.5251,-7.2456,-5.5545,-7.0647,-4.8955,-4.0971,-6.2882,-6.6764,-2.8919,-3.6282,-6.5357,-3.2602,-4.1418,-4.2732,-3.8432,-4.0319,-7.7793,-7.3004,-8.1119,-5.2587,-4.8224,-6.6143,-8.2246,-6.828,-8.1521,-7.6043,-3.5697,-4.9279,-8.7266,-7.2306,-2.007,-5.678,-7.6873,-9.466,-4.2189,-3.8677,-5.3277,-9.0906,-5.0404,-5.443,-2.5229,-6.4431,-9.6854,-4.6233,-5.2986,-7.3592,-5.792,-5.5892,-4.3308,-6.242,-5.1352,-5.8115,-6.9433,-7.3614,-4.3049,-8.4505,-8.2535,-4.1843,-3.1913,-4.2137,-7.7998,-6.5339,-8.6981,-6.1256,-9.4894,-6.8178,-5.7999,-8.9935,-6.5036,-8.2631,-8.4115,-5.6887,-6.0503,-3.68,-7.5297,-3.9035,-8.4286,-8.5672,-6.6356,-6.4398,-2.7512,-3.3425,-8.0317,-7.8254,-4.3319,-3.9697,-7.854,-4.3677,-4.4396,-3.4215,-7.4197,-6.9279,-9.796,-6.0671,-3.8751,-3.4975,-8.1116,-6.1871,-3.2515,-2.3884,-5.1131,-6.0277,-3.3098,-5.0513,-5.3428,-3.4594,-4.0048,-5.808,-5.8862,-2.4228,-7.2823,-5.3227,-7.592,-2.7651,-2.0998,-7.0733,-5.475,-6.6362,-2.8724,-3.4593,-6.224,-6.1801,-7.4433,-4.855,-7.0458,-5.371,-7.007,-7.0591,-8.2941,-6.3043,-5.9107,-8.0503,-4.6565,-4.0258,-8.0344,-5.7912,-6.6577,-4.1987,-5.3918,-7.4284,-5.8126,-6.0058,-3.256,-6.459,-4.7955,-4.1262,-8.7799,-4.0449,-3.7169,-3.3849,-8.9272,-5.084,-6.1768,-6.0796,-4.9232,-7.6369,-7.0772,-5.0673,-2.6779,-7.6741,-8.9667,-8.0812,-6.1859,-7.1448,-3.0032,-7.947,-2.3104,-6.9925,-7.6177,-6.8132,-6.1149,-8.1692,-7.2446,-5.981,-8.5515,-4.2795,-3.8372,-6.3579,-3.7496,-3.4304,-7.3208,-7.664,-6.3167,-7.1585,-7.9885,-7.868,-6.9022,-5.9116,-7.827,-5.4226,-2.8245,-5.2161,-6.1925,-6.1273,-3.3493,-6.1845,-3.271,-3.2973,-7.7956,-6.1515,-6.229,-6.4642,-3.6399,-4.7444,-5.9677,-5.8534,-6.3266,-3.4952,-4.1709,-7.2034,-6.7274,-7.6323,-6.8896,-4.4856,-7.1253,-4.763,-6.5676,-6.2112,-6.9057,-5.7932,-5.7625,-4.3007,-5.1512,-4.9999,-5.4601,-4.1731,-5.2841,-7.2297,-5.1338,-4.6246,-3.6877,-6.784,-3.9173,-3.1349,-5.2307,-6.0792,-5.1703,-8.9194,-3.3453,-6.328,-6.1767,-7.0819,-5.4627,-5.1165,-5.5025,-5.5677,-8.7849,-3.6425,-7.3596,-4.6995,-8.2856,-9.3943,-6.7887,-8.2921,-2.7577,-2.9193,-7.6988,-5.1732,-3.2789,-7.7121,-4.2036,-3.0493,-8.41,-3.7199,-2.6366,-7.2524,-2.9418,-4.1086,-5.7143,-7.5802,-4.5631,-8.1719,-6.0211,-6.5185,-4.0059,-6.2668,-4.1156,-4.9791,-5.1961,-5.8983,-7.2001,-8.8093,-7.827,-8.4126,-6.8797,-6.2832,-4.8504,-4.5982,-4.2975,-4.2858,-3.472,-7.9601,-3.1194,-9.4308,-5.2013,-3.5976,-7.854,-5.5293,-5.0454,-5.2971,-6.2519,-7.9926,-6.7093,-7.659,-6.2775,-7.3038,-3.6947,-2.5402,-4.7321,-8.3777,-7.3268,-7.6566,-3.6169,-8.5352,-7.325,-8.712,-6.0757,-8.0154,-6.7098,-4.3289,-5.7394,-8.3829,-3.95,-4.0555,-4.4325,-5.4575,-3.4054,-6.2383,-6.4904,-3.5809,-3.5491,-6.9938,-3.8233,-7.7426,-5.6934,-4.4323,-4.0968,-7.4649,-8.9116,-6.6367,-7.9257,-7.1959,-4.826,-6.2044,-5.5468,-2.9012,-7.3271,-7.4763,-6.9658,-9.0257,-4.5927,-8.7186
-10.1712,-8.55,-7.9095,-7.0186,-4.9345,-7.7827,-9.3293,-6.3005,-4.7185,-5.2601,-4.4529,-9.3836,-9.2405,-4.4581,-3.4711,-5.2447,-7.6319,-8.6964,-4.683,-3.87,-7.9205,-7.854,-3.1948,-9.403,-8.5668,-8.5389,-7.3085,-4.4976,-5.9815,-3.8798,-6.5421,-2.8659,-4.4143,-4.8507,-6.0017,-8.1531,-7.2085,-6.3965,-5.1707,-8.5086,-4.7199,-5.0894,-9.0755,-8.6195,-7.8105,-7.638,-4.8042,-7.1603,-5.6768,-4.3139,-4.4761,-9.3903,-7.0151,-9.9199,-6.4521,-4.816,-7.181,-8.2923,-5.5746,-9.393,-6.8085,-3.0746,-3.6077,-6.1239,-7.731,-7.5469,-6.0396,-5.6688,-5.7869,-3.1529,-8.3023,-4.776,-4.7904,-5.9556,-4.1834,-5.2295,-5.8244,-6.5042,-4.7555,-5.4402,-6.0749,-8.8584,-7.8193,-4.3478,-3.0427,-7.3032,-7.8686,-10.3759,-4.6834,-6.1702,-6.6136,-8.728,-4.0386,-9.4998,-4.5561,-4.9098,-3.0539,-9.832,-10.1542,-4.0169,-9.374,-3.8138,-9.1541,-7.4432,-4.533,-5.9374,-7.0444,-5.0875,-3.7133,-8.3877,-6.6141,-3.6487,-9.2622,-5.7727,-5.9291,-5.8812,-5.4339,-7.4846,-7.9241,-8.7536,-6.7706,-8.6136,-5.3268,-5.7885,-7.4223,-9.3489,-7.8661,-5.3619,-6.6401,-9.7372,-4.9706,-8.5471,-7.1772,-4.5453,-8.6669,-8.1547,-9.2094,-7.2477,-5.2935,-5.3712,-7.0827,-9.3785,-9.7179,-9.1722,-7.7518,-7.4338,-4.1173,-3.7901,-4.794,-5.6843,-5.41,-6.2991,-9.502,-9.6668,-5.7283,-4.7062,-4.3832,-8.2383,-6.7516,-8.3907,-8.1706,-6.3305,-7.8645,-5.7908,-4.9574,-7.079,-7.5645,-3.7283,-4.532,-7.3824,-4.0367,-4.9792,-5.0824,-4.631,-4.7501,-8.5556,-8.088,-8.9586,-6.0194,-5.549,-7.438,-9.1138,-7.6336,-8.9364,-8.5402,-4.3813,-5.7234,-9.5739,-8.0524,-2.7468,-6.4995,-8.4612,-10.4201,-5.0213,-4.6429,-6.2555,-10.075,-5.9287,-6.2495,-3.2766,-7.3514,-10.6672,-5.4614,-6.1767,-8.2479,-6.6718,-6.5215,-5.2369,-7.0122,-6.024,-6.7544,-7.748,-8.3121,-5.2986,-9.3473,-9.2261,-5.1187,-3.9792,-5.1192,-8.5525,-7.4683,-9.6311,-7.0686,-10.3909,-7.7735,-6.7613,-9.8557,-7.4311,-9.1536,-9.1428,-6.6015,-6.9041,-4.5411,-8.4118,-4.7124,-9.2429,-9.394,-7.4016,-7.3303,-3.5733,-4.2359,-8.8757,-8.6531,-5.2152,-4.7411,-8.7406,-5.2266,-5.2944,-4.2692,-8.0922,-7.7555,-10.7866,-6.8777,-4.6257,-4.3289,-8.9201,-7.0487,-4.1567,-3.1723,-5.9652,-6.915,-4.171,-5.8556,-6.2084,-4.2853,-4.8791,-6.632,-6.8725,-3.1292,-8.0562,-6.2462,-8.3977,-3.5308,-2.8238,-7.8415,-6.371,-7.5601,-3.6136,-4.1696,-6.9945,-6.9049,-8.2454,-5.7903,-7.7447,-6.2064,-7.7475,-7.7729,-9.0671,-7.2278,-6.7908,-8.9797,-5.3559,-4.791,-8.8748,-6.5733,-7.4011,-5.0947,-6.2602,-8.1433,-6.6627,-6.8418,-3.9578,-7.1025,-5.5158,-4.797,-9.5855,-4.7248,-4.3579,-4.2014,-9.7793,-5.915,-7.0485,-6.9291,-5.7307,-8.4879,-7.8837,-5.911,-3.4788,-8.4782,-9.8108,-8.9121,-6.8538,-7.9835,-3.7995,-8.7431,-3.0847,-7.8072,-8.3753,-7.6182,-6.9156,-8.9739,-8.028,-6.9243,-9.4634,-5.1963,-4.5602,-7.1753,-4.515,-4.3681,-8.1133,-8.4047,-7.2017,-7.9261,-8.815,-8.7774,-7.8221,-6.6814,-8.562,-6.3224,-3.6856,-6.1379,-6.9787,-6.8852,-4.1036,-7.0721,-4.0209,-4.1795,-8.6523,-7.0557,-7.1292,-7.3445,-4.4041,-5.6517,-6.8554,-6.6912,-7.2294,-4.313,-4.9915,-7.9825,-7.5322,-8.4679,-7.6528,-5.302,-7.8999,-5.6159,-7.3357,-6.9301,-7.742,-6.5817,-6.5208,-5.1245,-6.0828,-5.8384,-6.2745,-5.0131,-6.087,-7.9968,-5.941,-5.3973,-4.5375,-7.6168,-4.885,-3.9359,-5.9975,-7.0686,-5.8916,-9.7932,-4.1566,-7.0518,-6.9982,-7.9725,-6.4276,-5.9971,-6.3761,-6.5218,-9.6945,-4.3718,-8.2334,-5.597,-9.1604,-10.3628,-7.7098,-9.1684,-3.5113,-3.7662,-8.5345,-6.0905,-4.1531,-8.5456,-5.0836,-3.8082,-9.3331,-4.6133,-3.46,-8.1323,-3.7991,-5.0166,-6.5703,-8.5101,-5.4431,-9.0229,-6.9311,-7.3688,-4.9243,-7.1356,-4.9438,-5.849,-6.0408,-6.7242,-7.9865,-9.6351,-8.6248,-9.2524,-7.6907,-7.1467,-5.685,-5.3947,-5.1412,-5.0816,-4.4108,-8.7735,-3.8816,-10.3509,-5.9751,-4.3581,-8.6435,-6.2991,-5.8701,-6.0729,-7.1615,-8.7857,-7.6468,-8.5739,-7.0569,-8.2325,-4.5853,-3.2964,-5.6471,-9.1535,-8.2469,-8.4669,-4.5644,-9.4305,-8.2947,-9.6326,-6.9532,-8.9464,-7.6119,-5.2799,-6.5598,-9.2305,-4.8775,-4.8867,-5.3416,-6.2594,-4.1919,-7.1028,-7.4191,-4.4611,-4.3162,-7.7665,-4.6705,-8.5665,-6.5663,-5.3729,-4.941,-8.2654,-9.7587,-7.4456,-8.6953,-8.0222,-5.6084,-7.06,-6.361,-3.681,-8.256,-8.2762,-7.919,-9.9293,-5.3594,-9.6516
-11.0571,-9.4047,-8.8443,-7.9005,-5.7417,-8.6759,-10.185,-7.0198,-5.5706,-6.0717,-5.2006,-10.2481,-10.0128,-5.3081,-4.2761,-5.9114,-8.4524,-9.5817,-5.3395,-4.6897,-8.7846,-8.5952,-3.8939,-10.3631,-9.2918,-9.3245,-8.1404,-5.302,-6.8545,-4.7064,-7.2501,-3.5416,-5.24,-5.6559,-6.8648,-8.8469,-7.9959,-7.22,-5.9821,-9.3635,-5.5078,-5.7671,-9.8938,-9.3241,-8.5566,-8.4837,-5.6056,-7.9783,-6.4132,-5.2105,-5.2956,-10.2685,-7.8477,-10.8295,-7.2357,-5.6426,-7.9178,-9.0464,-6.36,-10.252,-7.5498,-3.8531,-4.4476,-6.9173,-8.6124,-8.3746,-6.8226,-6.5035,-6.6018,-3.931,-9.103,-5.5541,-5.6355,-6.7551,-4.9387,-6.0663,-6.5964,-7.4301,-5.4927,-6.1703,-6.9806,-9.6295,-8.7469,-5.1072,-3.7584,-8.1841,-8.7263,-11.3061,-5.4458,-6.9156,-7.424,-9.5239,-4.8442,-10.3146,-5.3004,-5.8317,-3.8103,-10.7702,-11.0455,-4.7755,-10.2628,-4.5697,-10.0901,-8.2167,-5.2716,-6.8473,-7.8313,-5.8375,-4.5075,-9.2465,-7.5412,-4.4143,-10.184,-6.6658,-6.7242,-6.6206,-6.3171,-8.2279,-8.7717,-9.667,-7.6336,-9.4508,-6.1986,-6.7074,-8.3102,-10.2432,-8.7445,-6.1947,-7.561,-10.6313,-5.6985,-9.4432,-7.9505,-5.4851,-9.4566,-9.0083,-10.1109,-8.1208,-6.1793,-6.2273,-7.9366,-10.2372,-10.5344,-9.967,-8.6175,-8.1777,-5.0059,-4.5443,-5.7037,-6.4465,-6.3005,-7.1741,-10.3521,-10.5859,-6.6114,-5.5361,-5.2279,-8.9839,-7.6459,-9.2444,-9.0825,-7.0979,-8.6543,-6.6897,-5.8088,-7.8489,-8.4304,-4.5623,-5.4127,-8.2511,-4.8163,-5.8089,-5.8753,-5.4509,-5.4022,-9.344,-8.8632,-9.7907,-6.808,-6.2832,-8.267,-9.9858,-8.4379,-9.7465,-9.3151,-5.2132,-6.4947,-10.4392,-8.8624,-3.4932,-7.3117,-9.2456,-11.3638,-5.8314,-5.3947,-7.1942,-11.0552,-6.7868,-7.0333,-4.0292,-8.2511,-11.6317,-6.2891,-7.0642,-9.1415,-7.5503,-7.4652,-6.1322,-7.7803,-6.9877,-7.7482,-8.5321,-9.2368,-6.2332,-10.2697,-10.1779,-6.0108,-4.7393,-6.0671,-9.311,-8.3974,-10.5937,-8.0219,-11.305,-8.6932,-7.7089,-10.7232,-8.3667,-10.0216,-9.9776,-7.4848,-7.7531,-5.4448,-9.278,-5.5547,-10.036,-10.2051,-7.9589,-8.1281,-4.4156,-5.1173,-9.7184,-9.399,-6.1588,-5.5018,-9.6309,-6.0657,-6.1314,-5.112,-8.8662,-8.5782,-11.7326,-7.7612,-5.3559,-5.2009,-9.7331,-7.8984,-4.9458,-3.9609,-6.8083,-7.8585,-5.0305,-6.6762,-7.0784,-5.1036,-5.7287,-7.4679,-7.8442,-3.8316,-8.8204,-7.1826,-9.2054,-4.2809,-3.5433,-8.6091,-7.2572,-8.4534,-4.3558,-4.8751,-7.7507,-7.6243,-9.0272,-6.7236,-8.447,-7.0213,-8.4913,-8.4742,-9.8485,-8.1459,-7.6588,-9.9314,-6.0444,-5.561,-9.7192,-7.3725,-8.1414,-5.9851,-7.1014,-8.8541,-7.4952,-7.6747,-4.6389,-7.7708,-6.2079,-5.4726,-10.3964,-5.3985,-5.0073,-5.0051,-10.6242,-6.7379,-7.9473,-7.7785,-6.552,-9.307,-8.6898,-6.7237,-4.2543,-9.267,-10.6757,-9.7358,-7.5251,-8.7968,-4.5984,-9.6024,-3.8323,-8.6063,-9.1049,-8.4173,-7.7259,-9.6835,-8.8643,-7.8421,-10.3575,-6.1033,-5.2717,-7.9906,-5.2768,-5.2845,-8.8655,-9.166,-8.096,-8.6907,-9.6656,-9.6775,-8.7368,-7.454,-9.3124,-7.2105,-4.5362,-7.0651,-7.759,-7.6419,-4.8522,-7.9578,-4.7682,-5.0929,-9.5025,-7.9679,-8.0124,-8.2378,-5.1625,-6.5557,-7.7224,-7.5153,-8.1198,-5.1204,-5.7885,-8.7535,-8.3718,-9.3172,-8.391,-6.1209,-8.6636,-6.463,-8.0937,-7.6712,-8.5745,-7.3633,-7.2578,-5.9442,-6.9528,-6.6807,-7.0973,-5.8462,-6.883,-8.7471,-6.7468,-6.1654,-5.4477,-8.4592,-5.8814,-4.7436,-6.7574,-8.0609,-6.6162,-10.7299,-4.9034,-7.7708,-7.854,-8.8643,-7.3796,-6.8583,-7.2274,-7.3487,-10.5929,-5.0995,-9.1085,-6.4641,-10.0821,-11.3095,-8.5933,-10.0484,-4.2565,-4.6065,-9.3607,-7.0059,-5.0284,-9.3713,-5.9806,-4.5624,-10.2699,-5.4978,-4.3006,-9.0359,-4.6553,-5.9255,-7.4332,-9.4432,-6.2901,-9.8604,-7.8374,-8.2254,-5.825,-7.9974,-5.7838,-6.7238,-6.8846,-7.5128,-8.7509,-10.4655,-9.4248,-10.1039,-8.4917,-8.0002,-6.5104,-6.1447,-5.9797,-5.8798,-5.3258,-9.5881,-4.6364,-11.2671,-6.7346,-5.0978,-9.4189,-7.0574,-6.6918,-6.8619,-8.0902,-9.5598,-8.5852,-9.5103,-7.8319,-9.1585,-5.482,-4.0323,-6.5672,-9.9439,-9.1739,-9.3024,-5.5021,-10.3074,-9.2485,-10.5345,-7.8189,-9.8661,-8.514,-6.2092,-7.36,-10.1097,-5.8088,-5.7239,-6.2329,-7.0644,-4.9936,-7.9673,-8.3515,-5.3357,-5.1124,-8.5341,-5.5145,-9.3709,-7.4393,-6.301,-5.7633,-9.066,-10.6115,-8.2455,-9.4545,-8.8334,-6.3992,-7.9141,-7.1763,-4.4421,-9.1771,-9.0619,-8.8563,-10.8574,-6.138,-10.5822
-11.8948,-10.2752,-9.7643,-8.779,-6.5175,-9.5854,-11.037,-7.7113,-6.4217,-6.8812,-6.0164,-11.0207,-10.78,-6.1218,-5.0719,-6.5774,-9.2688,-10.4532,-5.9744,-5.4692,-9.632,-9.3058,-4.5779,-11.3439,-9.9954,-10.0914,-8.9743,-6.0903,-7.729,-5.5317,-7.9298,-4.1848,-6.0532,-6.4551,-7.704,-9.6138,-8.8208,-8.0655,-6.7759,-10.2016,-6.2901,-6.4321,-10.6894,-9.9505,-9.2837,-9.3113,-6.3978,-8.9106,-7.3007,-6.0512,-6.0242,-11.1473,-8.6524,-11.7237,-8.0032,-6.4698,-8.6719,-9.775,-7.1278,-11.0833,-8.2773,-4.5914,-5.2716,-7.6985,-9.462,-9.1812,-7.5877,-7.3109,-7.3768,-4.6789,-9.9381,-6.3136,-6.4519,-7.5438,-5.6821,-6.8619,-7.3703,-8.3502,-6.2124,-6.8821,-7.8806,-10.3696,-9.6609,-5.8629,-4.4569,-9.0585,-9.5888,-12.2282,-6.2069,-7.6486,-8.2114,-10.2762,-5.6421,-11.1171,-6.033,-6.7321,-4.5555,-11.6918,-11.9151,-5.4978,-11.1399,-5.3049,-11.0119,-8.9967,-6.0278,-7.7503,-8.5997,-6.5638,-5.2898,-10.0853,-8.4624,-5.1605,-11.0915,-7.5501,-7.4776,-7.3533,-7.1766,-9.0083,-9.6017,-10.5796,-8.4836,-10.2703,-7.0444,-7.6003,-9.1703,-11.1199,-9.6199,-7.019,-8.4705,-11.4968,-6.4192,-10.333,-8.6662,-6.3978,-10.2324,-9.8519,-10.9896,-8.9453,-7.0686,-7.0772,-8.7452,-11.0829,-11.3263,-10.7388,-9.4457,-8.8739,-5.8811,-5.2773,-6.5934,-7.1819,-7.1661,-8.0173,-11.1907,-11.4959,-7.4535,-6.3545,-6.037,-9.7024,-8.5339,-10.0738,-9.9661,-7.8599,-9.4407,-7.5631,-6.6341,-8.6136,-9.2937,-5.3792,-6.3107,-9.0842,-5.5466,-6.6254,-6.6467,-6.2182,-6.09,-10.0966,-9.6299,-10.6056,-7.5247,-6.974,-9.0588,-10.8512,-9.2631,-10.5012,-10.338,-6.028,-7.2705,-11.2688,-9.6698,-4.2313,-8.1135,-9.9893,-12.3045,-6.6232,-6.1739,-8.1002,-12.0198,-7.6496,-7.7988,-4.7608,-9.1417,-12.5824,-7.0979,-7.9039,-10.0144,-8.4052,-8.38,-7.018,-8.488,-7.8167,-8.6903,-9.3051,-10.1585,-7.1961,-11.1105,-11.1142,-6.9201,-5.4747,-6.9203,-10.1023,-9.3193,-11.5258,-8.9862,-12.1812,-9.5972,-8.6549,-11.5479,-9.264,-10.9098,-10.6922,-8.3676,-8.5974,-6.3048,-10.1571,-6.3652,-10.8071,-11.016,-8.8389,-9.0479,-5.2006,-5.9796,-10.542,-10.1648,-6.8479,-6.2493,-10.5024,-6.8916,-6.9689,-5.9596,-9.4925,-9.4017,-12.657,-8.5503,-6.1279,-6.0079,-10.5238,-8.7457,-5.6607,-4.7363,-7.6232,-8.742,-5.8805,-7.4735,-7.9235,-5.9238,-6.5839,-8.2777,-8.8124,-4.5293,-9.5708,-8.0559,-10.0059,-5.026,-4.2434,-9.3586,-8.111,-9.3439,-5.0895,-5.5387,-8.4951,-8.3287,-9.7965,-7.6276,-9.1162,-7.6683,-9.212,-9.1622,-10.5976,-9.0641,-8.5135,-10.8545,-6.73,-6.289,-10.5483,-8.1544,-8.8599,-6.8726,-7.9798,-9.5442,-8.3251,-8.4987,-5.3291,-8.4095,-6.9291,-6.1296,-11.1652,-6.0541,-5.6289,-5.808,-11.4569,-7.5372,-8.7906,-8.6024,-7.2575,-10.1071,-9.4789,-7.524,-5.0095,-10.0548,-11.4891,-10.5319,-8.1667,-9.6222,-5.3834,-10.3761,-4.5872,-9.3831,-9.8593,-9.2472,-8.4987,-10.4485,-9.615,-8.7789,-11.2475,-7.0014,-5.9757,-8.7861,-6.0253,-6.1942,-9.6345,-9.9081,-8.9775,-9.4361,-10.4729,-10.571,-9.6168,-8.222,-10.0324,-8.1051,-5.3944,-7.9771,-8.516,-8.3852,-5.5827,-8.8145,-5.4978,-5.9704,-10.3402,-8.8681,-8.8844,-9.1124,-5.9027,-7.4514,-8.5898,-8.3308,-8.9931,-5.9189,-6.583,-9.502,-9.1556,-10.1247,-9.066,-6.9233,-9.4248,-7.2741,-8.797,-8.37,-9.3884,-8.1281,-7.99,-6.7415,-7.8297,-7.4865,-7.9063,-6.667,-7.6554,-9.488,-7.5469,-6.9209,-6.2582,-9.2342,-6.8545,-5.5283,-7.4987,-9.103,-7.3175,-11.4954,-5.6629,-8.487,-8.6679,-9.7429,-8.315,-7.7758,-8.0872,-8.2988,-11.4795,-5.8037,-9.9623,-7.3371,-11.001,-12.2414,-9.4929,-10.9076,-4.9867,-5.4406,-10.1794,-7.9134,-5.8759,-10.1893,-6.8559,-5.294,-11.183,-6.3604,-5.0978,-9.9087,-5.4938,-6.8154,-8.2891,-10.3472,-7.1371,-10.6954,-8.7329,-9.0737,-6.7309,-8.8353,-6.5964,-7.5685,-7.7059,-8.3025,-9.4872,-11.2656,-10.2028,-10.9239,-9.273,-8.8707,-7.3099,-6.912,-6.797,-6.6741,-6.2404,-10.3664,-5.3581,-12.1964,-7.4817,-5.8362,-10.1977,-7.7958,-7.488,-7.6063,-8.9885,-10.3183,-9.4961,-10.4187,-8.5802,-10.0638,-6.3621,-4.7526,-7.4746,-10.6917,-10.0733,-10.092,-6.4435,-11.1749,-10.1983,-11.4385,-8.6928,-10.7884,-9.3957,-7.1361,-8.1816,-10.9235,-6.723,-6.5606,-7.1127,-7.8481,-5.7661,-8.8107,-9.2821,-6.1862,-5.8674,-9.2885,-6.3474,-10.1638,-8.2896,-7.2256,-6.5864,-9.8252,-11.4482,-9.0321,-10.1994,-9.6421,-7.1661,-8.7436,-7.9845,-5.1963,-10.0878,-9.8565,-9.7895,-11.7308,-6.8934,-11.4906
-12.7932,-11.1663,-10.6978,-9.6628,-7.3264,-10.4552,-11.9007,-8.4435,-7.3074,-7.7063,-6.7496,-11.8173,-11.5641,-6.9697,-5.8806,-7.2644,-10.1274,-11.3374,-6.6454,-6.3107,-10.4998,-10.0522,-5.2972,-12.3145,-10.731,-10.8931,-9.8236,-6.8934,-8.6089,-6.3712,-8.6482,-4.8613,-6.8914,-7.2321,-8.5589,-10.2887,-9.6717,-8.9137,-7.5919,-11.0617,-7.1049,-7.1248,-11.5132,-10.5773,-10.0195,-10.1622,-7.2081,-9.8028,-8.1658,-6.8755,-6.8401,-12.024,-9.4909,-12.6632,-8.8039,-7.3091,-9.454,-10.5395,-7.9217,-11.957,-9.0243,-5.3494,-6.1082,-8.4997,-10.3208,-10.0144,-8.3796,-8.1454,-8.1936,-5.4581,-10.7492,-7.1124,-7.3016,-8.3495,-6.4531,-7.7,-8.146,-9.2893,-6.9753,-7.6229,-8.7888,-11.1406,-10.5725,-6.6523,-5.2011,-9.9524,-10.4611,-13.1632,-7.0395,-8.4105,-9.0613,-11.0792,-6.4483,-11.9183,-6.7997,-7.6598,-5.3249,-12.6636,-12.8141,-6.2551,-12.0408,-6.0879,-11.9543,-9.7936,-6.8057,-8.6677,-9.3969,-7.3155,-6.0686,-10.9499,-9.3915,-5.9299,-12.0158,-8.4466,-8.2661,-8.095,-8.058,-9.7706,-10.4608,-11.4895,-9.3711,-11.0968,-7.9281,-8.5156,-10.0457,-12.0147,-10.5111,-7.8655,-9.3872,-12.3725,-7.1517,-11.2304,-9.4374,-7.3469,-11.0266,-10.7063,-11.9001,-9.8258,-7.9607,-7.9548,-9.597,-11.9577,-12.1733,-11.5141,-10.3069,-9.6116,-6.7898,-6.0339,-7.5037,-7.9583,-8.0562,-8.8971,-12.0472,-12.4163,-8.3176,-7.1838,-6.88,-10.4498,-9.447,-10.9391,-10.8849,-8.6394,-10.2327,-8.4471,-7.4908,-9.3924,-10.1784,-6.2208,-7.2017,-9.949,-6.3328,-7.4578,-7.4468,-7.0427,-6.7712,-10.8856,-10.4171,-11.4415,-8.3284,-7.7326,-9.8729,-11.7403,-10.0764,-11.3026,-11.0677,-6.8495,-8.0739,-12.1288,-10.4854,-5.0002,-8.9342,-10.7931,-13.2419,-7.4402,-6.9616,-9.0347,-12.9921,-8.5369,-8.6084,-5.5189,-10.0544,-13.5658,-7.9331,-8.8038,-10.9401,-9.2838,-9.308,-7.9367,-9.2645,-8.7348,-9.6711,-10.1021,-11.0982,-8.0931,-12.0244,-12.0855,-7.8086,-6.2556,-7.8461,-10.8874,-10.2566,-12.4885,-9.9468,-13.0994,-10.5395,-9.6053,-12.4158,-10.191,-11.7848,-11.4837,-9.2615,-9.4425,-7.2194,-11.041,-7.1954,-11.6172,-11.8316,-10.0362,-9.9002,-6.0568,-6.8728,-11.3865,-10.9579,-7.7296,-7.0286,-11.3904,-7.7464,-7.8271,-6.808,-10.0995,-10.2385,-13.6568,-9.349,-6.9758,-6.8613,-11.3382,-9.6071,-6.6049,-5.5354,-8.4776,-9.6978,-6.7418,-8.2903,-8.7909,-6.7593,-7.4336,-9.1195,-9.7873,-5.2559,-10.3521,-8.9791,-10.7958,-5.7803,-4.9616,-10.1188,-9.0256,-10.3251,-5.8462,-6.1801,-9.2654,-9.0545,-10.5982,-8.5755,-9.8412,-8.4436,-9.9683,-9.8884,-11.373,-9.9746,-9.3965,-11.7646,-7.4377,-7.0686,-11.3918,-8.9276,-9.6083,-7.78,-8.8499,-10.2731,-9.1616,-9.3396,-6.0237,-9.0701,-7.6425,-6.8167,-11.971,-6.7389,-6.2948,-6.6228,-12.2912,-8.3353,-9.6934,-9.4652,-8.0791,-10.8904,-10.2824,-8.3699,-5.7932,-10.8497,-12.3595,-11.3623,-8.8446,-10.4218,-6.1817,-11.2102,-5.3412,-10.1634,-10.6093,-10.0595,-9.2951,-11.1945,-10.4265,-9.6997,-12.1456,-7.9222,-6.7014,-9.6068,-6.7965,-7.1258,-10.4197,-10.6515,-9.8911,-10.202,-11.3155,-11.4866,-10.5395,-9.0035,-10.7745,-9.0223,-6.2509,-8.9115,-9.3166,-9.1396,-6.3398,-9.7068,-6.2529,-6.868,-11.2067,-9.7781,-9.7864,-10.0031,-6.6771,-8.368,-9.4658,-9.1657,-9.8859,-6.7468,-7.4005,-10.2798,-9.9475,-10.9601,-9.7924,-7.7521,-10.2102,-8.1387,-9.5616,-9.0855,-10.2229,-8.9137,-8.7293,-7.5603,-8.7386,-8.3439,-8.7231,-7.5082,-8.4584,-10.254,-8.3611,-7.6926,-7.1792,-10.0849,-7.8219,-6.3319,-8.2681,-10.2524,-8.0559,-12.4367,-6.4436,-9.2262,-9.5108,-10.6429,-9.2423,-8.6435,-8.9476,-9.2458,-12.3974,-6.5408,-10.8425,-8.2216,-11.8501,-13.1994,-10.4076,-11.7892,-5.7349,-6.3016,-11.0226,-8.8352,-6.7547,-11.0365,-7.7549,-6.059,-12.1078,-7.2509,-5.9445,-10.8146,-6.3513,-7.7308,-9.1613,-11.2945,-7.9978,-11.5428,-9.647,-9.9276,-7.6474,-9.7084,-7.4571,-8.4508,-8.5585,-9.1246,-10.2554,-12.1148,-11.0063,-11.7849,-10.0833,-9.7427,-8.1439,-7.7042,-7.6545,-7.4714,-7.1741,-11.1897,-6.1326,-13.1173,-8.2501,-6.5746,-10.9777,-8.5683,-8.3276,-8.3963,-9.9104,-11.1274,-10.445,-11.3583,-9.3575,-10.9899,-7.2534,-5.506,-8.4144,-11.4816,-11.014,-10.9138,-7.393,-12.0716,-11.1625,-12.3589,-9.5731,-11.7102,-10.3082,-8.0964,-8.9856,-11.8091,-7.6508,-7.3957,-8.0277,-8.6515,-6.5652,-9.6865,-10.2221,-7.0686,-6.6603,-10.075,-7.1955,-10.9723,-9.1595,-8.1576,-7.434,-10.6247,-12.3081,-9.8391,-10.9648,-10.4764,-7.9718,-9.6051,-8.801,-5.9863,-11.0246,-10.6464,-10.7437,-12.6423,-7.6879,-12.4213
-13.6353,-12.0198,-11.6213,-10.5572,-8.1431,-11.3301,-12.7581,-9.1585,-8.1739,-8.5296,-7.5481,-12.6163,-12.3586,-7.7897,-6.7074,-7.9273,-10.9414,-12.2137,-7.293,-7.1315,-11.385,-10.7815,-5.9917,-13.2921,-11.4457,-11.6975,-10.6613,-7.7018,-9.4797,-7.2116,-9.3513,-5.5361,-7.7163,-8.0582,-9.4135,-11.0424,-10.5351,-9.7483,-8.3974,-11.9336,-7.8782,-7.8064,-12.3158,-11.2512,-10.7737,-11.0016,-8.0239,-10.7164,-8.9663,-7.7859,-7.6668,-12.837,-10.3107,-13.5862,-9.5762,-8.1425,-10.1939,-11.286,-8.6986,-12.7993,-9.7625,-6.132,-6.9571,-9.2821,-11.1712,-10.8378,-9.159,-8.9778,-8.9866,-6.2283,-11.5391,-7.8847,-8.1367,-9.1669,-7.2139,-8.527,-8.929,-10.1864,-7.7034,-8.3587,-9.6963,-11.8969,-11.5094,-7.423,-5.9228,-10.8511,-11.3364,-14.1051,-7.8264,-9.1671,-9.8807,-11.883,-7.2532,-12.7297,-7.5356,-8.5929,-6.0825,-13.6073,-13.7078,-7.0176,-12.9265,-6.8578,-12.8864,-10.575,-7.5543,-9.5936,-10.1867,-8.0612,-6.8542,-11.781,-10.3183,-6.6919,-12.9418,-9.3484,-9.0453,-8.8324,-8.9316,-10.5189,-11.2933,-12.4058,-10.2364,-11.9345,-8.7687,-9.4248,-10.9279,-12.9014,-11.4086,-8.6991,-10.2974,-13.2686,-7.8944,-12.1446,-10.2016,-8.2771,-11.8154,-11.5571,-12.7901,-10.7095,-8.8496,-8.8207,-10.4351,-12.8084,-12.9794,-12.3279,-11.1486,-10.3498,-7.6722,-6.7775,-8.4176,-8.713,-8.9556,-9.7686,-12.8918,-13.3518,-9.1937,-8.0173,-7.7022,-11.1858,-10.3365,-11.7849,-11.781,-9.4069,-11.0275,-9.3513,-8.326,-10.1674,-11.03,-7.05,-8.1121,-10.811,-7.1031,-8.2964,-8.2366,-7.8167,-7.4111,-11.6484,-11.1941,-12.2675,-9.0822,-8.4588,-10.7102,-12.6178,-10.9188,-12.0795,-11.9201,-7.653,-8.8507,-12.9754,-11.2941,-5.7678,-9.7568,-11.56,-14.1903,-8.2534,-7.7317,-9.9643,-13.9738,-9.4135,-9.3874,-6.2832,-10.9787,-14.5299,-8.751,-9.6668,-11.8584,-10.1544,-10.2603,-8.8323,-10.0176,-9.6628,-10.628,-10.8855,-12.0046,-9.1108,-12.922,-13.0443,-8.7249,-7.018,-8.8568,-11.6837,-11.1871,-13.4293,-10.8841,-14.0239,-11.4692,-10.5532,-13.2879,-11.1206,-12.655,-12.2783,-10.1468,-10.292,-8.0782,-11.9329,-8.0501,-12.4767,-12.652,-11.3344,-10.7743,-6.8726,-7.7521,-12.2219,-11.7243,-8.687,-7.7923,-12.2687,-8.5918,-8.6733,-7.6721,-10.7173,-11.0583,-14.598,-10.2178,-7.6888,-7.7404,-12.1446,-10.4542,-7.3203,-6.3236,-9.311,-10.5349,-7.6077,-9.0979,-9.6211,-7.5839,-8.2923,-9.9467,-10.7493,-5.9541,-11.1192,-9.9632,-11.5949,-6.5252,-5.6873,-10.8761,-9.9208,-11.2701,-6.5885,-6.7885,-10.0238,-9.7615,-11.3782,-9.4832,-10.5293,-9.1892,-10.7165,-10.5809,-12.1308,-10.8861,-10.2689,-12.6929,-8.1256,-7.8205,-12.2336,-9.75,-10.3452,-8.6432,-9.7098,-10.9736,-9.9933,-10.185,-6.7156,-9.7253,-8.3599,-7.4787,-12.7702,-7.3981,-6.9312,-7.4458,-13.1089,-9.1601,-10.5616,-10.3095,-8.8247,-11.7724,-11.0841,-9.1845,-6.5887,-11.6446,-13.1887,-12.1673,-9.4965,-11.2051,-6.9817,-12.0091,-6.074,-10.9597,-11.3308,-10.8904,-10.0863,-11.9067,-11.1805,-10.5931,-13.0371,-8.8334,-7.4151,-10.4027,-7.5555,-8.0442,-11.1918,-11.4025,-10.7857,-10.9502,-12.147,-12.4012,-11.4441,-9.7849,-11.5037,-9.9236,-7.1221,-9.8408,-10.0883,-9.8907,-7.076,-10.562,-7.002,-7.7566,-12.0465,-10.6865,-10.6682,-10.8919,-7.4352,-9.2721,-10.3273,-10.0064,-10.7684,-7.5647,-8.2023,-11.0493,-10.7365,-11.7852,-10.508,-8.577,-10.9792,-8.9586,-10.3017,-9.7729,-11.0547,-9.6936,-9.4702,-8.3875,-9.6265,-9.1735,-9.5326,-8.3355,-9.2501,-11.0077,-9.158,-8.456,-7.9936,-10.9054,-8.8058,-7.1234,-9.0199,-11.6119,-8.7746,-13.3336,-7.2127,-9.9467,-10.3385,-11.5428,-10.2344,-9.5118,-9.8042,-10.1727,-13.2954,-7.266,-11.7108,-9.1066,-12.7616,-14.1477,-11.3173,-12.6706,-6.4696,-7.1454,-11.846,-9.7555,-7.6189,-11.8658,-8.6394,-6.8169,-13.0325,-8.1315,-6.7684,-11.7056,-7.1905,-8.6358,-10.0213,-12.2131,-8.8626,-12.393,-10.5512,-10.7822,-8.5707,-10.5589,-8.2903,-9.3083,-9.3976,-9.9137,-11.0238,-12.9439,-11.7998,-12.6207,-10.8755,-10.6027,-8.9658,-8.4611,-8.4879,-8.2801,-8.0844,-12.014,-6.9002,-14.0386,-9.006,-7.3054,-11.7726,-9.336,-9.1359,-9.16,-10.8223,-11.8559,-11.3731,-12.2904,-10.128,-11.9127,-8.1362,-6.243,-9.3178,-12.26,-11.918,-11.7352,-8.3483,-12.9652,-12.1317,-13.281,-10.4476,-12.6486,-11.2051,-9.0347,-9.7997,-12.6519,-8.5821,-8.2443,-8.9273,-9.4304,-7.3395,-10.5344,-11.1571,-7.9417,-7.4713,-10.8413,-8.0536,-11.773,-10.0355,-9.0889,-8.2625,-11.3997,-13.1577,-10.6304,-11.7299,-11.3101,-8.7527,-10.4667,-9.6105,-6.7517,-11.9367,-11.4387,-11.6782,-13.5507,-8.4482,-13.3402
-14.5392,-12.8954,-12.5608,-11.4421,-8.9376,-12.2,-13.6159,-9.8742,-9.036,-9.3416,-8.2837,-13.3952,-13.1335,-8.6113,-7.5004,-8.6086,-11.7646,-13.0751,-7.9426,-7.8984,-12.2429,-11.5111,-6.6909,-14.2636,-12.1707,-12.4593,-11.5127,-8.5018,-10.3336,-8.0471,-10.0648,-6.2029,-8.5429,-8.8518,-10.2636,-11.8056,-11.3627,-10.5863,-9.1892,-12.7795,-8.7005,-8.4769,-13.1285,-11.9288,-11.5147,-11.8421,-8.8026,-11.5476,-9.918,-8.6031,-8.4613,-13.7316,-11.1319,-14.4966,-10.3542,-8.9892,-10.9404,-12.0168,-9.4689,-13.6616,-10.4901,-6.8887,-7.786,-10.0672,-12.0095,-11.6594,-9.9399,-9.8014,-9.774,-6.9895,-12.3803,-8.6536,-8.9611,-9.984,-7.9743,-9.3416,-9.691,-11.0964,-8.4491,-9.092,-10.5965,-12.6621,-12.4133,-8.1757,-6.6486,-11.741,-12.1987,-15.034,-8.6256,-9.9052,-10.7004,-12.6373,-8.0589,-13.5282,-8.2993,-9.5097,-6.8366,-14.5242,-14.5938,-7.758,-13.7994,-7.604,-13.8089,-11.3453,-8.3083,-10.4885,-10.9691,-8.8122,-7.6118,-12.6284,-11.2419,-7.4386,-13.8596,-10.2434,-9.8256,-9.5778,-9.7954,-11.2647,-12.1428,-13.3254,-11.0895,-12.7607,-9.6363,-10.3217,-11.7965,-13.7804,-12.2925,-9.5378,-11.1961,-14.1372,-8.6117,-13.0375,-10.9491,-9.2023,-12.607,-12.4154,-13.6935,-11.5598,-9.7395,-9.6751,-11.2838,-13.6685,-13.7912,-13.1068,-11.9928,-11.0607,-8.5474,-7.5253,-9.3178,-9.4474,-9.8177,-10.6214,-13.7345,-14.2609,-10.0514,-8.8233,-8.5339,-11.9259,-11.2379,-12.6319,-12.6888,-10.1606,-11.8104,-10.2228,-9.1574,-10.9084,-11.8988,-7.8751,-9.0017,-11.6516,-7.8713,-9.1254,-9.0249,-8.5873,-8.0857,-12.3947,-11.9556,-13.0956,-9.8652,-9.1924,-11.5253,-13.4859,-11.7642,-12.8632,-12.6726,-8.4695,-9.6351,-13.8121,-12.0981,-6.5198,-10.5577,-12.3993,-15.12,-9.0495,-8.4859,-10.8778,-14.934,-10.2752,-10.181,-7.0292,-11.901,-15.4957,-9.5433,-10.5292,-12.7306,-11.0194,-11.1919,-9.7264,-10.7479,-10.5565,-11.5893,-11.6594,-12.9426,-9.9892,-13.8021,-13.978,-9.5946,-7.7619,-9.7658,-12.4747,-12.1212,-14.3761,-11.8726,-14.8984,-12.3784,-11.487,-14.0991,-12.0371,-13.5175,-13.0182,-11.0173,-11.1334,-8.9396,-12.8186,-8.8791,-13.2197,-13.4787,-12.0785,-11.6227,-7.6846,-8.6161,-13.0491,-12.4643,-9.5097,-8.5591,-13.1412,-9.4084,-9.5066,-8.492,-11.3486,-11.8856,-15.5298,-11.0055,-8.5588,-8.5751,-12.9532,-11.2991,-8.3127,-7.096,-10.1564,-11.5312,-8.4508,-9.9095,-10.4779,-8.4015,-9.125,-10.7558,-11.7042,-6.6504,-11.8716,-10.8112,-12.381,-7.2837,-6.3968,-11.6413,-10.812,-12.0654,-7.3307,-7.4585,-10.7769,-10.482,-12.1232,-10.3918,-11.2257,-9.8762,-11.4543,-11.286,-12.8827,-11.7924,-11.1285,-13.6392,-8.8303,-8.5678,-13.0751,-10.498,-11.0842,-9.5403,-10.566,-11.6835,-10.8178,-11.0013,-7.4028,-10.3796,-9.0721,-8.1485,-13.5595,-8.0643,-7.5787,-8.2534,-13.909,-9.9462,-11.4097,-11.1519,-9.512,-12.6098,-11.8687,-10.0315,-7.3546,-12.4433,-14.0042,-12.9776,-10.1536,-12.0346,-7.7811,-12.8084,-6.837,-11.7275,-12.0947,-11.6926,-10.8734,-12.607,-11.9556,-11.5109,-13.9156,-9.7612,-8.129,-11.2106,-8.3176,-8.9637,-11.9575,-12.1608,-11.6917,-11.6988,-12.9742,-13.3121,-12.3537,-10.5537,-12.219,-10.8127,-7.9746,-10.7363,-10.8679,-10.6284,-7.8117,-11.4319,-7.7402,-8.6394,-12.8967,-11.5897,-11.538,-11.7731,-8.1989,-10.1671,-11.18,-10.8313,-11.6268,-8.3738,-9.0142,-11.8029,-11.5571,-12.5956,-11.239,-9.388,-11.744,-9.7962,-11.0335,-10.5069,-11.8559,-10.4771,-10.2179,-9.1879,-10.4785,-9.9952,-10.3314,-9.1772,-10.045,-11.7564,-9.9671,-9.2295,-8.8825,-11.7054,-9.7795,-7.9228,-9.781,-12.9469,-9.5003,-14.125,-7.9611,-10.6687,-11.1589,-12.4291,-11.1227,-10.406,-10.6361,-11.0862,-14.1823,-7.9898,-12.5874,-9.9915,-13.6024,-15.0769,-12.1913,-13.5323,-7.2072,-7.9819,-12.6613,-10.6599,-8.4684,-12.6935,-9.5395,-7.5646,-13.9472,-9.0151,-7.5873,-12.6025,-8.064,-9.5299,-10.8654,-13.1348,-9.7223,-13.2335,-11.4592,-11.6283,-9.4848,-11.4089,-9.1296,-10.1696,-10.2292,-10.718,-11.7732,-13.7839,-12.592,-13.4665,-11.6755,-11.4513,-9.7788,-9.2226,-9.3095,-9.0691,-8.999,-12.8113,-7.6324,-14.9712,-9.7586,-8.0474,-12.5664,-10.0854,-9.9532,-9.968,-11.7217,-12.658,-12.3041,-13.2003,-10.8927,-12.8206,-9.033,-6.9772,-10.2217,-13.0254,-12.8084,-12.5452,-9.2868,-13.837,-13.0816,-14.19,-11.3156,-13.5626,-12.0954,-9.9617,-10.6129,-13.5056,-9.4977,-9.0621,-9.8157,-10.2254,-8.1184,-11.397,-12.091,-8.792,-8.2797,-11.6041,-8.9029,-12.5827,-10.8797,-10.0276,-9.0828,-12.189,-14.0009,-11.4187,-12.4652,-12.1321,-9.5336,-11.3088,-10.4249,-7.524,-12.8486,-12.2202,-12.6308,-14.4404,-9.2242,-14.2508
-15.3851,-13.7503,-13.4829,-12.3334,-9.7435,-13.0969,-14.4855,-10.5991,-9.9224,-10.1695,-9.1136,-14.1883,-13.8976,-9.4534,-8.3196,-9.2904,-12.6095,-13.9425,-8.6094,-8.7686,-13.0828,-12.256,-7.4065,-15.2401,-12.8996,-13.2771,-12.3618,-9.3138,-11.2105,-8.8971,-10.7702,-6.8787,-9.3789,-9.6621,-11.1286,-12.6063,-12.2602,-11.4387,-10.02,-13.6391,-9.5039,-9.1691,-13.9385,-12.6272,-12.2611,-12.6985,-9.6172,-12.4682,-10.6578,-9.4574,-9.2676,-14.6142,-11.9577,-15.4285,-11.1427,-9.8085,-11.7155,-12.782,-10.2444,-14.5162,-11.2421,-7.6734,-8.6282,-10.8644,-12.864,-12.4773,-10.7166,-10.631,-10.5743,-7.7628,-13.1757,-9.4396,-9.7922,-10.7729,-8.7371,-10.1643,-10.4808,-12.0323,-9.2192,-9.8307,-11.5112,-13.4117,-13.3351,-8.9632,-7.3985,-12.6541,-13.0789,-15.9646,-9.4309,-10.6663,-11.5272,-13.4383,-8.8723,-14.3331,-9.0435,-10.4182,-7.5951,-15.4878,-15.489,-8.5181,-14.6869,-8.3967,-14.7589,-12.1371,-9.0584,-11.4062,-11.7579,-9.5568,-8.4312,-13.4923,-12.1672,-8.2029,-14.794,-11.1416,-10.6048,-10.3229,-10.6864,-12.0273,-12.9632,-14.2445,-11.9598,-13.5986,-10.5129,-11.2379,-12.6803,-14.6704,-13.1808,-10.3843,-12.1164,-15.023,-9.3604,-13.942,-11.715,-10.1406,-13.4006,-13.2814,-14.6039,-12.4219,-10.6489,-10.5469,-12.1387,-14.5369,-14.6229,-13.8944,-12.8392,-11.8234,-9.4395,-8.2711,-10.2313,-10.2038,-10.6952,-11.504,-14.5824,-15.1932,-10.9274,-9.6652,-9.3458,-12.6653,-12.1466,-13.486,-13.5976,-10.9332,-12.6183,-11.1126,-10.0153,-11.6873,-12.7711,-8.6879,-9.896,-12.5274,-8.6441,-9.9741,-9.8156,-9.3813,-8.726,-13.1654,-12.749,-13.9232,-10.6194,-9.9377,-12.3393,-14.3648,-12.601,-13.6474,-13.4455,-9.2916,-10.4102,-14.6659,-12.8948,-7.283,-11.3822,-13.2033,-16.0589,-9.8723,-9.2866,-11.8012,-15.9106,-11.1613,-10.9845,-7.7946,-12.8082,-16.449,-10.3672,-11.4086,-13.6249,-11.9398,-12.1152,-10.631,-11.4854,-11.4416,-12.5591,-12.4428,-13.8804,-10.934,-14.6802,-14.9385,-10.5083,-8.5365,-10.6051,-13.2415,-13.047,-15.3244,-12.8432,-15.8203,-13.2789,-12.4477,-14.9455,-12.9582,-14.3889,-13.8094,-11.8954,-11.9754,-9.8097,-13.6933,-9.7314,-14.035,-14.2973,-12.3867,-12.5599,-8.5041,-9.4975,-13.8934,-13.2537,-10.4321,-9.3179,-14.037,-10.2611,-10.3603,-9.3376,-11.969,-12.7197,-16.5113,-11.7896,-9.3368,-9.4335,-13.7491,-12.1603,-8.8546,-7.894,-11.0031,-12.4917,-9.3178,-10.7276,-11.3091,-9.2314,-9.9554,-11.5951,-12.6599,-7.3739,-12.6468,-11.7046,-13.1847,-8.0491,-7.131,-12.4128,-11.7297,-13.2501,-8.0798,-8.0755,-11.5537,-11.2024,-12.9146,-11.3132,-11.9241,-10.5582,-12.2069,-12.0045,-13.6537,-12.7058,-12.015,-14.5571,-9.529,-9.3375,-13.9257,-11.2754,-11.8294,-10.4303,-11.4344,-12.3977,-11.6423,-11.849,-8.0993,-11.0483,-9.8005,-8.834,-14.3754,-8.7453,-8.2345,-9.0775,-14.7139,-10.7508,-12.27,-12.0081,-10.3298,-13.4153,-12.683,-10.8614,-8.159,-13.2431,-14.8763,-13.8057,-10.8273,-12.8057,-8.5841,-13.6053,-7.5752,-12.5188,-12.8508,-12.5351,-11.6718,-13.3994,-12.6903,-12.4498,-14.776,-10.6742,-8.858,-12.0163,-9.0893,-9.8991,-12.7443,-12.8737,-12.5943,-12.4543,-13.7998,-14.2338,-13.2354,-11.3397,-12.9592,-11.7302,-8.8432,-11.667,-11.6601,-11.3752,-8.552,-12.3054,-8.5007,-9.5346,-13.7627,-12.5081,-12.4367,-12.6723,-8.9582,-11.0771,-12.0575,-11.6712,-12.5283,-9.1961,-9.8188,-12.588,-12.3476,-13.4242,-11.9303,-10.2163,-12.5292,-10.6455,-11.7755,-11.2344,-12.7072,-11.2657,-10.9583,-10.0145,-11.365,-10.8079,-11.1508,-10.0208,-10.841,-12.5148,-10.7692,-9.9912,-9.7634,-12.5682,-10.7669,-8.7312,-10.542,-14.5326,-10.2305,-14.99,-8.7195,-11.4111,-12.0049,-13.3285,-12.0405,-11.265,-11.5173,-12.0572,-15.0983,-8.7162,-13.4573,-10.8785,-14.5318,-16.0339,-13.1062,-14.4136,-7.9597,-8.8384,-13.5136,-11.5815,-9.3599,-13.528,-10.4203,-8.3234,-14.8885,-9.9017,-8.408,-13.4924,-8.9337,-10.4338,-11.7486,-14.0721,-10.5933,-14.0784,-12.379,-12.4792,-10.3967,-12.2727,-9.9359,-11.0421,-11.0694,-11.5305,-12.5372,-14.6178,-13.3854,-14.3041,-12.4743,-12.321,-10.6082,-10.009,-10.1503,-9.8699,-9.9252,-13.6295,-8.3957,-15.9037,-10.5306,-8.8009,-13.3429,-10.8592,-10.7843,-10.7337,-12.6426,-13.4507,-13.2383,-14.1393,-11.6627,-13.7468,-9.9243,-7.7269,-11.1288,-13.8125,-13.7135,-13.3722,-10.2404,-14.708,-14.0551,-15.1152,-12.1918,-14.4835,-12.9944,-10.8924,-11.4142,-14.3485,-10.4214,-9.9169,-10.7148,-11.0291,-8.9156,-12.2639,-13.0329,-9.6684,-9.0521,-12.3808,-9.7578,-13.3877,-11.7553,-10.961,-9.9305,-12.9759,-14.8671,-12.2179,-13.2248,-12.9594,-10.3382,-12.1672,-11.2432,-8.2975,-13.7512,-13.0164,-13.589,-15.3438,-10.012,-15.1797
-16.26,-14.6089,-14.4401,-13.2243,-10.5593,-13.9525,-15.3498,-11.3157,-10.787,-11.0059,-9.8745,-15.0399,-14.6669,-10.3087,-9.1338,-9.9617,-13.441,-14.8319,-9.2733,-9.5465,-13.9966,-12.9984,-8.126,-16.2192,-13.6301,-14.0822,-13.2048,-10.1214,-12.0855,-9.7416,-11.4836,-7.561,-10.2177,-10.4688,-11.9896,-13.3478,-13.1255,-12.2845,-10.8227,-14.5067,-10.3098,-9.8621,-14.7702,-13.346,-13.0156,-13.5522,-10.4453,-13.3106,-11.4692,-10.2929,-10.0869,-15.4881,-12.7996,-16.3659,-11.929,-10.6596,-12.481,-13.5264,-11.0432,-15.3618,-11.99,-8.4633,-9.4856,-11.6552,-13.7528,-13.3007,-11.5192,-11.4498,-11.3837,-8.5358,-14.01,-10.2206,-10.625,-11.5836,-9.5183,-10.9956,-11.251,-12.9561,-9.9711,-10.5747,-12.4229,-14.1758,-14.2467,-9.7574,-8.1471,-13.5606,-13.9739,-16.9049,-10.2017,-11.4388,-12.3227,-14.2207,-9.696,-15.157,-9.787,-11.3561,-8.3591,-16.4034,-16.3819,-9.2822,-15.5783,-9.1478,-15.6931,-12.9251,-9.8137,-12.3338,-12.5512,-10.3095,-9.2252,-14.3356,-13.0937,-8.9757,-15.7131,-12.0344,-11.4043,-11.0455,-11.5753,-12.8037,-13.8218,-15.1424,-12.8357,-14.4334,-11.3771,-12.1435,-13.5623,-15.5596,-14.0766,-11.2272,-13.0437,-15.8975,-10.1076,-14.859,-12.485,-11.075,-14.2127,-14.1372,-15.5064,-13.29,-11.5493,-11.4251,-12.9867,-15.4076,-15.449,-14.6845,-13.6984,-12.5414,-10.3296,-9.0319,-11.1494,-10.9681,-11.5886,-12.3379,-15.4356,-16.1221,-11.8011,-10.4962,-10.1896,-13.4047,-13.0442,-14.3439,-14.511,-11.7011,-13.4122,-12.0065,-10.8511,-12.4618,-13.6279,-9.5366,-10.7982,-13.3908,-9.4136,-10.8068,-10.616,-10.1894,-9.4452,-13.9256,-13.529,-14.755,-11.4012,-10.6756,-13.1681,-15.2539,-13.4641,-14.4081,-14.0063,-10.0977,-11.2212,-15.5136,-13.725,-8.0665,-12.2003,-13.9925,-16.9966,-10.7016,-10.0557,-12.7252,-16.8911,-12.0311,-11.7914,-8.5575,-13.7221,-17.411,-11.193,-12.2888,-14.5362,-12.8021,-13.0735,-11.5325,-12.2691,-12.3823,-13.5232,-13.2379,-14.8025,-11.9612,-15.6268,-15.9042,-11.4144,-9.2912,-11.5925,-14.0375,-13.9655,-16.321,-13.7954,-16.705,-14.241,-13.3717,-15.8123,-13.8793,-15.2684,-14.5748,-12.7731,-12.8259,-10.7062,-14.5914,-10.5799,-14.8515,-15.1312,-13.5519,-13.4408,-9.303,-10.3771,-14.7379,-14.0364,-11.2454,-10.0963,-14.9118,-11.1097,-11.2142,-10.2251,-12.7103,-13.5564,-17.4785,-12.7541,-10.1582,-10.3183,-14.5673,-13.0256,-9.9067,-8.6912,-11.8533,-13.3462,-10.1889,-11.5411,-12.1525,-10.0644,-10.7933,-12.4395,-13.6364,-8.0903,-13.4285,-12.6381,-14.0077,-8.8064,-7.854,-13.1978,-12.6301,-14.2585,-8.844,-8.7221,-12.3287,-11.9395,-13.676,-12.2376,-12.634,-11.3904,-12.9624,-12.7155,-14.4013,-13.6102,-12.8991,-15.4812,-10.2372,-10.1034,-14.7817,-12.0675,-12.5716,-11.3051,-12.2819,-13.1144,-12.4538,-12.694,-8.7979,-11.7037,-10.5202,-9.5104,-15.1666,-9.4248,-8.8818,-9.8808,-15.5012,-11.5501,-13.1496,-12.8768,-11.0569,-14.2387,-13.4747,-11.7133,-8.9379,-14.0451,-15.7302,-14.6353,-11.4978,-13.6312,-9.3876,-14.4361,-8.3232,-13.3198,-13.5859,-13.3402,-12.4828,-14.1137,-13.5177,-13.3312,-15.6727,-11.5926,-9.5791,-12.8454,-9.866,-10.834,-13.5418,-13.6276,-13.5039,-13.2055,-14.6206,-15.1684,-14.1645,-12.1294,-13.6902,-12.6407,-9.7237,-12.5828,-12.4481,-12.1406,-9.2944,-13.1931,-9.2544,-10.4276,-14.6214,-13.428,-13.3156,-13.5752,-9.7245,-11.9944,-12.9221,-12.5097,-13.411,-10.0199,-10.6332,-13.3691,-13.1544,-14.2466,-12.6953,-11.0497,-13.2992,-11.4957,-12.5373,-12.002,-13.5346,-12.0628,-11.7154,-10.839,-12.1571,-11.6694,-11.9873,-10.858,-11.6494,-13.2898,-11.5892,-10.773,-10.5791,-13.4017,-11.7326,-9.5425,-11.3157,-15.922,-10.9654,-15.8193,-9.5062,-12.1372,-12.8447,-14.2363,-13.0204,-12.153,-12.3898,-12.9469,-16.008,-9.4552,-14.3424,-11.7774,-15.4261,-16.9799,-14.0092,-15.3031,-8.7089,-9.6978,-14.3497,-12.5151,-10.2288,-14.3644,-11.3236,-9.0804,-15.8112,-10.7914,-9.2344,-14.3931,-9.793,-11.3383,-12.6166,-15.0204,-11.4671,-14.9262,-13.2893,-13.3371,-11.3173,-13.1323,-10.7709,-11.9053,-11.9208,-12.3384,-13.2944,-15.4546,-14.1835,-15.1589,-13.2807,-13.1964,-11.4415,-10.775,-10.9956,-10.6787,-10.8559,-14.4398,-9.1435,-16.8335,-11.3023,-9.5596,-14.1147,-11.6283,-11.6134,-11.5291,-13.562,-14.2207,-14.181,-15.0645,-12.4511,-14.6629,-10.8119,-8.4705,-12.0683,-14.6008,-14.6527,-14.1824,-11.2204,-15.6083,-15.0145,-16.0473,-13.0843,-15.414,-13.9111,-11.8262,-12.2464,-15.2125,-11.3624,-10.7672,-11.5913,-11.832,-9.7123,-13.1362,-13.9769,-10.5415,-9.8375,-13.1694,-10.6226,-14.1986,-12.6352,-11.9049,-10.7721,-13.7556,-15.724,-13.0135,-13.9811,-13.7962,-11.1389,-13.0255,-12.067,-9.0718,-14.6814,-13.8075,-14.5539,-16.2538,-10.7824,-16.0885
-17.1247,-15.5251,-15.2798,-14.1213,-11.3676,-14.8513,-16.2192,-12.0372,-11.6594,-11.83,-10.6758,-15.8108,-15.4515,-11.1342,-9.9552,-10.638,-14.2719,-15.708,-9.9241,-10.3457,-14.8475,-13.7359,-8.8254,-17.1846,-14.3623,-14.8689,-14.0596,-10.929,-12.937,-10.5838,-12.19,-8.2365,-11.0556,-11.3076,-12.8454,-14.1635,-13.987,-13.1261,-11.6401,-15.3653,-11.1295,-10.549,-15.5991,-14.0799,-13.7617,-14.401,-11.2562,-14.25,-12.3137,-11.1916,-10.8856,-16.296,-13.6167,-17.2523,-12.7186,-11.4728,-13.2077,-14.2791,-11.8078,-16.2012,-12.7207,-9.2214,-10.329,-12.442,-14.6056,-14.1372,-12.3085,-12.2691,-12.1671,-9.3043,-14.8272,-11.0008,-11.4493,-12.4275,-10.2777,-11.797,-12.026,-13.8755,-10.7181,-11.3223,-13.2954,-14.9394,-15.161,-10.5397,-8.8873,-14.477,-14.8599,-17.8247,-10.9956,-12.1934,-13.1279,-14.9952,-10.5009,-15.9737,-10.5434,-12.2698,-9.1235,-17.3551,-17.2735,-10.0432,-16.4697,-9.9249,-16.6302,-13.7195,-10.5927,-13.251,-13.3371,-11.0537,-10.0373,-15.1618,-14.0204,-9.7375,-16.6694,-12.9478,-12.1688,-11.788,-12.438,-13.5902,-14.6803,-16.0625,-13.7062,-15.2538,-12.2411,-13.0539,-14.4324,-16.4514,-14.9663,-12.0498,-13.9554,-16.7751,-10.8313,-15.7512,-13.2308,-12.0028,-14.9928,-14.9944,-16.404,-14.158,-12.4453,-12.296,-13.8269,-16.2694,-16.2631,-15.4514,-14.5462,-13.28,-11.2108,-9.7762,-12.0472,-11.7123,-12.4654,-13.221,-16.2743,-17.0363,-12.6683,-11.3237,-11.0019,-14.1476,-13.9365,-15.1971,-15.3999,-12.4789,-14.1999,-12.8998,-11.6879,-13.2284,-14.5009,-10.3475,-11.695,-14.2346,-10.1816,-11.6391,-11.4033,-10.9537,-10.1277,-14.6923,-14.3146,-15.5765,-12.2103,-11.4268,-13.9674,-16.1078,-14.31,-15.2193,-14.9226,-10.9039,-11.9501,-16.3536,-14.5281,-8.8339,-12.9868,-14.8394,-17.9247,-11.5032,-10.8433,-13.6524,-17.8586,-12.9042,-12.5814,-9.3278,-14.6243,-18.3632,-12.0033,-13.1687,-15.4041,-13.6859,-14.0194,-12.4207,-12.9682,-13.2456,-14.5167,-14.0141,-15.7473,-12.847,-16.4875,-16.8594,-12.3073,-10.0386,-12.4301,-14.8341,-14.9018,-17.2288,-14.7215,-17.6333,-15.1276,-14.317,-16.656,-14.7874,-16.1364,-15.3845,-13.6615,-13.6637,-11.582,-15.4541,-11.4138,-15.6382,-15.937,-14.1101,-14.3585,-10.0914,-11.2576,-15.5691,-14.8092,-12.0746,-10.8567,-15.8024,-11.9499,-12.0523,-11.0657,-13.3434,-14.3808,-18.461,-13.5743,-10.9238,-11.1773,-15.3601,-13.8798,-10.6387,-9.4782,-12.6881,-14.2907,-11.0468,-12.357,-12.9839,-10.8855,-11.6337,-13.2677,-14.5606,-8.7834,-14.1921,-13.5285,-14.8179,-9.5581,-8.5815,-13.9569,-13.5238,-15.0007,-9.5952,-9.4395,-13.0937,-12.6556,-14.4741,-13.169,-13.3181,-11.9973,-13.7088,-13.4252,-15.155,-14.5177,-13.7689,-16.3972,-10.9345,-10.8681,-15.6178,-12.8405,-13.3142,-12.188,-13.1494,-13.8234,-13.2946,-13.5188,-9.504,-12.362,-11.2393,-10.1958,-15.9814,-10.0995,-9.5332,-10.7036,-16.2899,-12.3181,-14.0216,-13.7153,-11.821,-15.0631,-14.2902,-12.5547,-9.7574,-14.8379,-16.5677,-15.4579,-12.1587,-14.4383,-10.1946,-15.2344,-9.0809,-14.0846,-14.3552,-14.175,-13.2744,-14.8712,-14.3075,-14.2608,-16.5294,-12.5112,-10.3051,-13.6616,-10.6273,-11.7615,-14.305,-14.3611,-14.4084,-13.9518,-15.4547,-16.0759,-15.0598,-12.9104,-14.4132,-13.5387,-10.5922,-13.4994,-13.2419,-12.8828,-10.0303,-14.0654,-10.0143,-11.3173,-15.4757,-14.3428,-14.2022,-14.4538,-10.4805,-12.9087,-13.793,-13.3405,-14.2799,-10.8373,-11.4522,-14.1372,-13.9398,-15.0727,-13.3952,-11.8556,-14.0766,-12.3392,-13.3193,-12.7363,-14.3652,-12.8461,-12.4545,-11.6552,-13.0954,-12.4505,-12.7831,-11.6957,-12.4401,-14.0591,-12.4038,-11.5431,-11.4866,-14.2067,-12.7304,-10.3455,-12.0699,-16.9455,-11.6864,-16.7852,-10.3022,-12.8799,-13.6806,-15.1273,-13.9659,-13.0349,-13.2667,-13.8039,-16.8746,-10.1842,-15.2127,-12.6603,-16.3368,-17.9278,-14.9096,-16.1716,-9.4512,-10.5446,-15.1602,-13.4383,-11.099,-15.2009,-12.2046,-9.8408,-16.7392,-11.6751,-10.0618,-15.2992,-10.6481,-12.2277,-13.4787,-15.9393,-12.3229,-15.7759,-14.1983,-14.1858,-12.2446,-13.9811,-11.577,-12.7691,-12.7511,-13.1387,-14.0578,-16.2763,-14.9795,-15.9955,-14.0771,-14.0659,-12.2495,-11.5647,-11.8264,-11.4616,-11.7581,-15.2537,-9.8787,-17.7635,-12.0472,-10.2753,-14.9102,-12.3879,-12.4335,-12.2881,-14.4721,-15.007,-15.1158,-15.9928,-13.2099,-15.5877,-11.706,-9.2013,-12.9917,-15.3701,-15.5652,-15.0119,-12.172,-16.4893,-15.9792,-16.9651,-13.955,-16.3288,-14.8019,-12.7789,-13.0506,-16.0582,-12.2821,-11.6108,-12.5144,-12.6298,-10.4764,-13.9916,-14.9189,-11.4019,-10.6201,-13.9357,-11.45,-15.0045,-13.4977,-12.851,-11.603,-14.5443,-16.5778,-13.8051,-14.7296,-14.6192,-11.925,-13.8822,-12.8777,-9.8476,-15.5933,-14.6032,-15.4954,-17.1537,-11.5591,-17.0406
-17.9525,-16.3982,-16.1959,-15.0093,-12.1644,-15.7143,-17.0793,-12.7541,-12.5405,-12.6538,-11.4145,-16.6011,-16.2356,-11.9501,-10.758,-11.3286,-15.1034,-16.5855,-10.5867,-11.2137,-15.7185,-14.4708,-9.5338,-18.168,-15.0834,-15.6738,-14.9016,-11.7321,-13.7985,-11.4322,-12.9033,-8.9043,-11.8818,-12.1517,-13.696,-14.8374,-14.8555,-13.9737,-12.4529,-16.2244,-11.9344,-11.2251,-16.3988,-14.8073,-14.5078,-15.2395,-12.0517,-15.1318,-13.1678,-11.9864,-11.7102,-17.1639,-14.4455,-18.1717,-13.5028,-12.3076,-13.9817,-15.0197,-12.5824,-17.0584,-13.4658,-9.9947,-11.1717,-13.2245,-15.4694,-14.9515,-13.081,-13.0896,-12.9608,-10.0703,-15.6243,-11.7736,-12.2797,-13.2411,-11.0368,-12.6178,-12.7832,-14.7841,-11.479,-12.0758,-14.1886,-15.6846,-16.0661,-11.3173,-9.6381,-15.3689,-15.7301,-18.752,-11.8132,-12.9552,-13.9573,-15.7823,-11.3124,-16.7706,-11.2904,-13.1952,-9.8721,-18.3002,-18.1692,-10.7902,-17.3435,-10.6754,-17.5698,-14.4978,-11.3095,-14.1526,-14.117,-11.792,-10.8295,-16.0193,-14.9438,-10.4879,-17.55,-13.8452,-12.9478,-12.5205,-13.3003,-14.3376,-15.4994,-16.9777,-14.571,-16.0789,-13.1096,-13.9536,-15.3009,-17.3375,-15.8633,-12.907,-14.8521,-17.656,-11.5663,-16.6457,-13.9968,-12.9319,-15.8039,-15.854,-17.3041,-15.0158,-13.3337,-13.1516,-14.6656,-17.1412,-17.0886,-16.2413,-15.3878,-14.0116,-12.0863,-10.5229,-12.9547,-12.4532,-13.3474,-14.0246,-17.1277,-17.9773,-13.5144,-12.1462,-11.8036,-14.8753,-14.8291,-16.0418,-16.3046,-13.2224,-14.9801,-13.79,-12.5296,-13.992,-15.3576,-11.1775,-12.587,-15.0968,-10.9349,-12.4576,-12.1958,-11.7648,-10.8102,-15.466,-15.0811,-16.3988,-12.9801,-12.1732,-14.7918,-16.9954,-15.1541,-15.9818,-15.6537,-11.7255,-12.7616,-17.1904,-15.3255,-9.5923,-13.8005,-15.6298,-18.8496,-12.3488,-11.6185,-14.5506,-18.8082,-13.7922,-13.379,-10.0817,-15.5596,-19.3132,-12.8071,-14.0169,-16.308,-14.5372,-14.8971,-13.3221,-13.7475,-14.1904,-15.4972,-14.807,-16.6739,-13.8051,-17.3824,-17.7972,-13.1808,-10.7982,-13.3682,-15.5668,-15.8615,-18.1708,-15.6889,-18.5358,-16.0513,-15.2443,-17.5172,-15.6969,-16.9889,-16.1551,-14.5332,-14.4928,-12.4557,-16.3455,-12.2769,-16.4346,-16.7721,-14.8903,-15.2262,-10.9456,-12.1384,-16.4087,-15.5905,-12.9656,-11.611,-16.668,-12.7804,-12.8944,-11.9062,-14.0437,-15.2094,-19.4408,-14.3959,-11.7699,-12.0646,-16.1596,-14.7293,-11.465,-10.2581,-13.5252,-15.3814,-11.894,-13.1585,-13.8063,-11.7121,-12.4445,-14.0926,-15.5055,-9.5,-14.9601,-14.3835,-15.6164,-10.3192,-9.2968,-14.7224,-14.4541,-15.8554,-10.339,-10.1091,-13.8575,-13.3805,-15.2416,-14.074,-14.0254,-12.6541,-14.4476,-14.1372,-15.8842,-15.4237,-14.6447,-17.3092,-11.6208,-11.6283,-16.4606,-13.5883,-14.0498,-13.0615,-13.9823,-14.5395,-14.1131,-14.3604,-10.1884,-13.0148,-11.9599,-10.864,-16.7848,-10.7725,-10.1786,-11.5167,-17.0593,-13.1235,-14.871,-14.5605,-12.548,-15.8435,-15.1214,-13.3905,-10.5416,-15.6265,-17.4176,-16.2649,-12.8211,-15.2392,-10.9849,-16.0231,-9.8224,-14.8633,-15.0851,-14.9866,-14.0591,-15.5948,-15.0323,-15.1567,-17.3731,-13.4303,-11.0224,-14.4719,-11.4024,-12.6875,-15.0931,-15.0877,-15.3174,-14.6946,-16.2484,-16.995,-15.9431,-13.693,-15.1261,-14.4524,-11.4568,-14.4122,-14.0175,-13.6173,-10.7563,-14.9055,-10.7606,-12.1859,-16.3323,-15.2466,-15.0843,-15.3431,-11.2523,-13.8005,-14.6374,-14.1782,-15.1462,-11.6544,-12.2511,-14.9019,-14.722,-15.8826,-14.1136,-12.6829,-14.85,-13.1671,-14.0854,-13.4582,-15.1843,-13.6251,-13.1914,-12.4785,-13.7257,-13.296,-13.5906,-12.5258,-13.2403,-14.8094,-13.2169,-12.3054,-12.3484,-15.0083,-13.6958,-11.1434,-12.8309,-18.0737,-12.4175,-17.6593,-11.0429,-13.6003,-14.5281,-16.0136,-14.8669,-13.9197,-14.116,-14.8006,-17.7697,-10.9045,-16.0783,-13.5407,-17.2341,-18.8659,-15.7936,-17.0532,-10.1956,-11.3823,-15.9812,-14.3547,-11.9638,-16.0281,-13.0916,-10.5873,-17.6545,-12.5463,-10.8745,-16.1816,-11.5036,-13.129,-14.3455,-16.8992,-13.1973,-16.6168,-15.1049,-15.0282,-13.1684,-14.834,-12.4051,-13.6207,-13.5841,-13.9409,-14.7918,-17.1128,-15.7667,-16.8354,-14.8696,-14.9185,-13.0843,-12.3303,-12.6561,-12.2679,-12.6776,-16.0554,-10.6253,-18.7017,-12.8113,-11.0106,-15.6794,-13.1488,-13.2525,-13.076,-15.3918,-15.724,-16.0483,-16.9041,-13.9781,-16.5009,-12.5881,-9.9439,-13.8859,-16.1562,-16.4851,-15.8197,-13.1272,-17.3572,-16.9317,-17.8695,-14.8332,-17.2527,-15.708,-13.7027,-13.8441,-16.9148,-13.2014,-12.4499,-13.3963,-13.4246,-11.2637,-14.8518,-15.8527,-12.2655,-11.4253,-14.7088,-12.3019,-15.8197,-14.3585,-13.7796,-12.445,-15.3145,-17.4258,-14.5912,-15.4681,-15.44,-12.7183,-14.7361,-13.6996,-10.6196,-16.4892,-15.3745,-16.4408,-18.0336,-12.3373,-17.9388
-18.8827,-17.2865,-17.1868,-15.9134,-12.9857,-16.6171,-17.9559,-13.4898,-13.4164,-13.4846,-12.2021,-17.4171,-17.0044,-12.7975,-11.578,-12.0141,-15.9529,-17.4839,-11.248,-11.9784,-16.4864,-15.2186,-10.248,-19.1508,-15.8272,-16.4696,-15.771,-12.5517,-14.6713,-12.282,-13.6148,-9.5822,-12.7238,-12.9813,-14.5564,-15.6481,-15.7414,-14.8215,-13.265,-17.0928,-12.7503,-11.9218,-17.2275,-15.5973,-15.2558,-16.104,-12.8641,-16.0391,-14.0053,-12.9259,-12.5611,-17.9845,-15.2629,-19.097,-14.2883,-13.1531,-14.7295,-15.7789,-13.3743,-17.9233,-14.2244,-10.7737,-12.0188,-14.0177,-16.3108,-15.789,-13.8736,-13.9112,-13.7577,-10.8445,-16.4462,-12.556,-13.1497,-14.0445,-11.8061,-13.4498,-13.5662,-15.7195,-12.2714,-12.8394,-15.1249,-16.4598,-16.9884,-12.1192,-10.4003,-16.2973,-16.6363,-19.6892,-12.6277,-13.7223,-14.7939,-16.5833,-12.1282,-17.5875,-12.0397,-14.1162,-10.6277,-19.2408,-19.066,-11.5611,-18.2467,-11.4548,-18.5185,-15.2962,-12.0826,-15.0818,-14.9119,-12.5409,-11.6232,-16.8904,-15.8976,-11.2565,-18.4601,-14.7443,-13.7329,-13.2675,-14.2283,-15.1057,-16.369,-17.9013,-15.4367,-16.9146,-13.9693,-14.8643,-16.174,-18.2355,-16.756,-13.7548,-15.7756,-18.5352,-12.309,-17.5628,-14.7691,-13.874,-16.604,-16.712,-18.2182,-15.9073,-14.2467,-14.0385,-15.5268,-18.0009,-17.8972,-17.0426,-16.2439,-14.7691,-12.9846,-11.2794,-13.8659,-13.2088,-14.235,-14.9423,-17.9763,-18.8932,-14.4072,-12.9914,-12.6193,-15.6197,-15.7357,-16.8911,-17.2273,-14.0094,-15.7903,-14.688,-13.3776,-14.7642,-16.2233,-12.0005,-13.5019,-15.9693,-11.725,-13.2873,-12.9947,-12.5997,-11.5808,-16.2568,-15.8689,-17.2382,-13.7648,-12.9391,-15.6088,-17.874,-16.0162,-16.7819,-16.7337,-12.544,-13.5721,-18.0383,-16.1272,-10.3731,-14.6311,-16.4521,-19.769,-13.171,-12.4206,-15.4541,-19.7792,-14.6743,-14.1893,-10.8617,-16.4827,-20.2816,-13.6323,-14.9149,-17.1939,-15.474,-15.8579,-14.2216,-14.4883,-15.0658,-16.4934,-15.5979,-17.6076,-14.7574,-18.3051,-18.7619,-14.0917,-11.5508,-14.278,-16.338,-16.7275,-19.1589,-16.7067,-19.4415,-16.9918,-16.1894,-18.3764,-16.633,-17.8636,-16.9334,-15.4289,-15.3442,-13.348,-17.2553,-13.1109,-17.2227,-17.6354,-15.6528,-16.159,-11.7566,-13.0348,-17.253,-16.4089,-13.8053,-12.3842,-17.5571,-13.6357,-13.7474,-12.7617,-14.9461,-16.0461,-20.3859,-15.2055,-12.5736,-12.9081,-16.9838,-15.5854,-12.1027,-11.0574,-14.376,-16.3187,-12.7599,-13.9808,-14.6213,-12.5426,-13.2805,-14.933,-16.4653,-10.2207,-15.7411,-15.2648,-16.415,-11.0796,-10.03,-15.503,-15.3799,-16.95,-11.0957,-10.8374,-14.6311,-14.1073,-16.0221,-15.0118,-14.7335,-13.3462,-15.2106,-14.85,-16.6536,-16.3332,-15.5333,-18.2409,-12.3316,-12.4108,-17.3292,-14.4104,-14.8088,-13.9398,-14.8671,-15.2658,-14.9529,-15.1978,-10.8954,-13.6864,-12.6932,-11.5343,-17.6005,-11.457,-10.8304,-12.3424,-17.8324,-13.8974,-15.7341,-15.425,-13.3217,-16.7202,-15.9239,-14.2502,-11.3562,-16.4396,-18.2836,-17.0903,-13.4897,-16.0352,-11.8032,-16.8359,-10.5891,-15.6748,-15.8358,-15.822,-14.8601,-16.3351,-15.8286,-16.0906,-18.2172,-14.3581,-11.7475,-15.2892,-12.1734,-13.6301,-15.8765,-15.8199,-16.2343,-15.459,-17.0944,-17.9223,-16.8629,-14.4859,-15.8686,-15.3782,-12.3344,-15.3352,-14.8119,-14.3679,-11.4916,-15.788,-11.5185,-13.094,-17.1989,-16.1672,-15.9614,-16.2431,-12.0287,-14.7209,-15.5019,-15.0229,-16.0373,-12.4853,-13.0685,-15.6887,-15.5151,-16.7081,-14.8544,-13.5175,-15.6308,-14.0221,-14.8513,-14.2399,-16.0329,-14.4155,-13.9408,-13.3011,-14.6097,-14.0834,-14.3974,-13.3729,-14.037,-15.5751,-14.0189,-13.0837,-13.1755,-15.8663,-14.6998,-11.9539,-13.6027,-19.0716,-13.1517,-18.5457,-11.8415,-14.3514,-15.3609,-16.9212,-15.8477,-14.751,-14.9857,-15.6894,-18.6632,-11.6351,-16.9739,-14.4349,-18.1006,-19.8124,-16.6977,-17.9412,-10.9492,-12.2481,-16.8318,-15.2805,-12.8504,-16.8684,-13.9849,-11.3526,-18.5883,-13.4367,-11.691,-17.0924,-12.3728,-14.0302,-15.2294,-17.8414,-14.0758,-17.4691,-16.0173,-15.8845,-14.0968,-15.6805,-13.2558,-14.4883,-14.4404,-14.7574,-15.5591,-17.9596,-16.5609,-17.6837,-15.6812,-15.795,-13.9081,-13.0962,-13.4947,-13.0678,-13.6239,-16.8745,-11.3962,-19.6424,-13.5768,-11.7738,-16.4655,-13.9104,-14.0796,-13.8532,-16.309,-16.5194,-16.9924,-17.8362,-14.7629,-17.4334,-13.4828,-10.6995,-14.8014,-16.9258,-17.3952,-16.6373,-14.096,-18.2569,-17.9094,-18.7905,-15.7129,-18.1945,-16.6154,-14.6413,-14.6612,-17.7625,-14.1424,-13.3,-14.2889,-14.2241,-12.0583,-15.7279,-16.8019,-13.1361,-12.2282,-15.4962,-13.1735,-16.6373,-15.2293,-14.7332,-13.2848,-16.1098,-18.2915,-15.3879,-16.2298,-16.2905,-13.5175,-15.6,-14.5167,-11.3904,-17.4031,-16.1668,-17.4031,-18.946,-13.1197,-18.8715
-19.7551,-18.1459,-18.1122,-16.8173,-13.7988,-17.4939,-18.81,-14.2164,-14.2935,-14.3279,-12.9689,-18.2257,-17.7924,-13.6343,-12.4108,-12.7276,-16.7827,-18.3537,-11.916,-12.8286,-17.4376,-15.9615,-10.9723,-20.1234,-16.5664,-17.2696,-16.6259,-13.3682,-15.535,-13.136,-14.3454,-10.2702,-13.5643,-13.831,-15.4329,-16.6353,-16.6318,-15.6783,-14.098,-17.9645,-13.5744,-12.6213,-18.0537,-16.4049,-16.009,-16.957,-13.6973,-16.9322,-14.8747,-13.8005,-13.3977,-18.8912,-16.1043,-20.0218,-15.077,-14.0003,-15.5345,-16.5314,-14.1782,-18.7768,-14.967,-11.5789,-12.8753,-14.8162,-17.1675,-16.6237,-14.6751,-14.7298,-14.5603,-11.6333,-17.2668,-13.3445,-13.9729,-14.848,-12.5859,-14.2783,-14.357,-16.6533,-13.0345,-13.6107,-15.9878,-17.2095,-17.9083,-12.9246,-11.1705,-17.2097,-17.5263,-20.6209,-13.4404,-14.4886,-15.6072,-17.381,-12.9543,-18.4154,-12.8055,-15.0356,-11.4071,-20.1794,-19.9723,-12.3214,-19.1484,-12.225,-19.4714,-16.0969,-12.8378,-16.0032,-15.708,-13.2857,-12.4103,-17.7657,-16.8327,-12.0333,-19.3531,-15.6509,-14.5283,-14.0361,-15.0685,-15.8856,-17.2028,-18.8158,-16.3113,-17.7581,-14.8382,-15.7772,-17.0677,-19.1223,-17.6584,-14.6134,-16.6879,-19.4233,-13.0543,-18.47,-15.5353,-14.8066,-17.405,-17.5846,-19.1318,-16.7648,-15.1585,-14.9093,-16.3755,-18.8732,-18.7177,-17.8405,-17.0893,-15.4933,-13.8582,-12.0366,-14.7856,-13.9729,-15.1024,-15.8749,-18.8343,-19.8336,-15.2813,-13.8255,-13.4234,-16.3668,-16.6417,-17.7448,-18.1259,-14.7785,-16.586,-15.553,-14.2278,-15.5265,-17.093,-12.8277,-14.4007,-16.8151,-12.4714,-14.1593,-13.7893,-13.4114,-12.274,-17.0894,-16.6562,-18.0642,-14.577,-13.7184,-16.4443,-18.7489,-16.8882,-17.5683,-17.5885,-13.3747,-14.3109,-18.8906,-16.9188,-11.16,-15.4448,-17.2745,-20.7086,-14.0059,-13.2038,-16.3808,-20.7497,-15.5621,-15.0013,-11.6291,-17.4043,-21.2439,-14.4519,-15.7949,-18.1355,-16.3505,-16.8238,-15.1257,-15.242,-15.9677,-17.4641,-16.3851,-18.5429,-15.6819,-19.2173,-19.7335,-15.0083,-12.3148,-15.1527,-17.1188,-17.71,-20.1158,-17.6612,-20.3535,-17.9171,-17.155,-19.1929,-17.5645,-18.7334,-17.7179,-16.3126,-16.1896,-14.2178,-18.1531,-13.9808,-18.0401,-18.4618,-16.8551,-17.064,-12.5423,-13.9084,-18.0889,-17.1843,-14.6906,-13.153,-18.4434,-14.475,-14.5878,-13.6231,-15.6529,-16.8798,-21.3433,-16.0504,-13.3952,-13.7956,-17.8061,-16.4603,-13.0834,-11.855,-15.2186,-17.3115,-13.6222,-14.8023,-15.4458,-13.3777,-14.109,-15.7739,-17.4152,-10.9437,-16.5159,-16.2575,-17.2349,-11.8414,-10.7595,-16.2666,-16.296,-18.0695,-11.8624,-11.5836,-15.4125,-14.8417,-16.7967,-15.9266,-15.4329,-14.0112,-15.9633,-15.5707,-17.3979,-17.248,-16.4211,-19.1789,-13.0548,-13.1763,-18.1771,-15.1738,-15.5531,-14.8192,-15.7351,-15.9888,-15.7965,-16.055,-11.5996,-14.3588,-13.4202,-12.2316,-18.4272,-12.1425,-11.4923,-13.153,-18.6301,-14.6554,-16.5708,-16.292,-14.0561,-17.5222,-16.7392,-15.1131,-12.1661,-17.2445,-19.1521,-17.9223,-14.1802,-16.8467,-12.6125,-17.661,-11.3537,-16.4486,-16.6074,-16.6507,-15.6705,-17.1236,-16.6137,-17.0012,-19.0441,-15.2867,-12.4857,-16.1223,-12.9545,-14.5658,-16.6735,-16.584,-17.1595,-16.2186,-17.9169,-18.8496,-17.766,-15.2784,-16.6006,-16.2892,-13.2109,-16.2308,-15.6128,-15.115,-12.2254,-16.6599,-12.2847,-13.9783,-18.0574,-17.0917,-16.8507,-17.1446,-12.8101,-15.6374,-16.369,-15.8747,-16.9172,-13.3171,-13.891,-16.4641,-16.3231,-17.5369,-15.6036,-14.3435,-16.4181,-14.8714,-15.6225,-14.9913,-16.8719,-15.2047,-14.6983,-14.1225,-15.3327,-14.9401,-15.233,-14.2227,-14.8479,-16.3464,-14.8319,-13.8595,-14.0736,-16.7267,-15.6542,-12.756,-14.3787,-20.0849,-13.8899,-19.4376,-12.6405,-15.0877,-16.2022,-17.8209,-16.7871,-15.667,-15.8656,-16.6317,-19.5795,-12.3775,-17.8473,-15.3418,-19.0183,-20.7612,-17.5946,-18.829,-11.6929,-13.1159,-17.6554,-16.2112,-13.725,-17.7112,-14.8858,-12.1116,-19.5119,-14.3279,-12.5254,-17.9804,-13.2299,-14.9265,-16.1044,-18.7953,-14.9712,-18.3236,-16.9405,-16.7312,-15.0219,-16.5467,-14.0827,-15.3646,-15.2813,-15.5516,-16.3138,-18.8057,-17.3575,-18.5417,-16.4934,-16.6638,-14.7405,-13.8704,-14.3407,-13.8785,-14.5427,-17.696,-12.1476,-20.5672,-14.3419,-12.493,-17.2514,-14.6869,-14.9046,-14.6482,-17.2163,-17.3249,-17.9365,-18.7779,-15.5345,-18.3605,-14.3847,-11.4476,-15.7281,-17.7128,-18.3072,-17.4608,-15.0448,-19.1468,-18.8736,-19.7128,-16.5957,-19.1313,-17.5163,-15.5935,-15.4816,-18.6166,-15.0675,-14.1422,-15.1881,-15.024,-12.8398,-16.5914,-17.7488,-14.0075,-13.0005,-16.2765,-14.0234,-17.4503,-16.1116,-15.6708,-14.1326,-16.868,-19.1477,-16.1834,-16.9838,-17.1254,-14.3196,-16.4566,-15.3451,-12.1816,-18.3101,-16.9653,-18.3582,-19.8528,-13.9086,-19.7779
-20.6177,-19.0309,-19.0214,-17.699,-14.6079,-18.374,-19.6704,-14.9258,-15.1667,-15.1509,-13.7323,-19.0272,-18.5868,-14.466,-13.2108,-13.3821,-17.6118,-19.2374,-12.5712,-13.6426,-18.3146,-16.699,-11.6732,-21.1009,-17.2936,-18.0514,-17.4644,-14.1788,-16.3972,-13.9712,-15.0535,-10.9456,-14.3894,-14.6841,-16.2827,-17.4529,-17.4942,-16.5286,-14.8948,-18.8191,-14.3811,-13.2984,-18.8693,-17.1753,-16.7731,-17.8029,-14.5043,-17.8307,-15.6556,-14.6153,-14.2291,-19.7693,-16.927,-20.9298,-15.858,-14.8208,-16.2596,-17.2788,-14.9588,-19.6386,-15.7296,-12.3297,-13.6965,-15.5935,-18.0227,-17.4495,-15.4464,-15.5437,-15.3447,-12.3883,-18.0642,-14.1059,-14.7908,-15.6285,-13.3414,-15.0817,-15.1077,-17.5664,-13.803,-14.3597,-16.894,-17.9591,-18.8004,-13.702,-11.916,-18.138,-18.4221,-21.5446,-14.2207,-15.2582,-16.4027,-18.137,-13.7678,-19.2053,-13.5437,-15.9529,-12.1641,-21.1327,-20.8594,-13.0701,-20.0303,-12.9998,-20.387,-16.8792,-13.6059,-16.9112,-16.4934,-14.032,-13.2248,-18.6033,-17.7315,-12.77,-20.3606,-16.5445,-15.2912,-14.7374,-15.9505,-16.6579,-18.0461,-19.7312,-17.1726,-18.5748,-15.7025,-16.6795,-17.9331,-20.0039,-18.5514,-15.4538,-17.5908,-20.2859,-13.7813,-19.3798,-16.2904,-15.7364,-18.1951,-18.4429,-20.0204,-17.6275,-16.0539,-15.7779,-17.214,-19.7346,-19.5043,-18.5972,-17.9212,-16.212,-14.7384,-12.7778,-15.6831,-14.7069,-15.9977,-16.6244,-19.6646,-20.7479,-16.1692,-14.6535,-14.2285,-17.0864,-17.533,-18.5876,-19.0078,-15.5276,-17.3657,-16.4548,-15.0814,-16.2761,-17.9468,-13.6137,-15.2882,-17.6757,-13.268,-14.9845,-14.5823,-14.2374,-13.0007,-17.8828,-17.4314,-18.9032,-15.3747,-14.4765,-17.2409,-19.628,-17.7463,-18.3429,-18.516,-14.186,-15.1334,-19.7383,-17.7583,-11.9211,-16.258,-18.1027,-21.617,-14.802,-13.9706,-17.2851,-21.7003,-16.4439,-15.7965,-12.3955,-18.3268,-22.1811,-15.2643,-16.6767,-19.0114,-17.2592,-17.7204,-16.0149,-15.9658,-16.8931,-18.4453,-17.1506,-19.466,-16.6566,-20.0939,-20.6813,-15.8823,-13.0875,-16.0629,-17.9348,-18.599,-21.0411,-18.6899,-21.2627,-18.8444,-18.084,-20.0348,-18.4701,-19.5877,-18.4974,-17.184,-17.0191,-15.0546,-19.0435,-14.8331,-18.8252,-19.2942,-17.7131,-17.9896,-13.3147,-14.7827,-18.9151,-17.9623,-15.5654,-13.9152,-19.3154,-15.3092,-15.4297,-14.4669,-16.4637,-17.7021,-22.3349,-16.9267,-14.1306,-14.67,-18.6353,-17.2977,-13.6432,-12.6356,-16.0588,-18.4908,-14.4741,-15.6041,-16.2526,-14.1962,-14.9277,-16.6055,-18.3491,-11.6467,-17.2788,-17.1413,-18.0228,-12.5914,-11.4837,-17.036,-17.2365,-19.0382,-12.6092,-12.3427,-16.1696,-15.5607,-17.5948,-16.9148,-16.1295,-14.788,-16.7246,-16.2715,-18.1417,-18.1482,-17.2972,-20.0851,-13.7474,-13.9371,-19.029,-15.9103,-16.292,-15.7019,-16.61,-16.7035,-16.6031,-16.8745,-12.2947,-15.0103,-14.1227,-12.8953,-19.2478,-12.8159,-12.1336,-13.9622,-19.4002,-15.4488,-17.455,-17.1369,-14.807,-18.3654,-17.5584,-15.9625,-12.9796,-18.0328,-20.0036,-18.7362,-14.8313,-17.6456,-13.4135,-18.4886,-12.1027,-17.2477,-17.3592,-17.4705,-16.4628,-17.8497,-17.39,-17.9045,-19.8633,-16.2049,-13.1999,-16.9211,-13.724,-15.483,-17.451,-17.302,-18.0577,-16.9436,-18.7212,-19.7658,-18.6593,-16.0594,-17.3006,-17.1968,-14.0709,-17.1474,-16.3946,-15.8543,-12.9445,-17.5222,-13.03,-14.844,-18.9164,-18.0034,-17.7347,-18.0326,-13.5621,-16.5396,-17.2114,-16.7016,-17.7895,-14.1323,-14.6927,-17.2321,-17.1181,-18.3567,-16.327,-15.1629,-17.1818,-15.7031,-16.389,-15.7526,-17.6945,-15.9836,-15.435,-14.9434,-15.8802,-15.7443,-16.0407,-15.0597,-15.6308,-17.1021,-15.6512,-14.6243,-14.9368,-17.5168,-16.6319,-13.567,-15.1332,-21.0939,-14.6132,-20.3181,-13.4051,-15.8154,-17.0314,-18.7098,-17.7085,-16.5298,-16.7202,-17.4705,-20.4486,-13.0927,-18.7223,-16.2211,-19.8799,-21.68,-18.4856,-19.6971,-12.4308,-13.9482,-18.473,-17.116,-14.5896,-18.5374,-15.7739,-12.8583,-20.4403,-15.2071,-13.3407,-18.8822,-14.0991,-15.7887,-16.9536,-19.7407,-15.844,-19.1682,-17.8429,-17.5742,-15.9388,-17.3876,-14.8875,-16.2125,-16.1088,-16.358,-17.0888,-19.6109,-18.1357,-19.3773,-17.2735,-17.532,-15.5561,-14.6384,-15.1639,-14.6741,-15.4706,-18.4995,-12.8915,-21.4707,-15.0928,-13.2419,-18.0332,-15.4365,-15.7337,-15.4234,-18.1372,-18.079,-18.8593,-19.6971,-16.3045,-19.2762,-15.277,-12.1849,-16.6474,-18.4717,-19.2311,-18.2684,-15.9955,-20.0184,-19.8256,-20.6224,-17.4599,-20.0418,-18.3974,-16.5217,-16.2823,-19.4562,-15.9827,-14.9796,-16.0789,-15.8022,-13.611,-17.451,-18.6892,-14.857,-13.7832,-17.0406,-14.8693,-18.2548,-16.9687,-16.612,-14.9641,-17.6678,-19.9941,-16.9587,-17.7232,-17.9565,-15.1054,-17.3116,-16.1515,-12.9399,-19.2069,-17.7376,-19.3004,-20.7387,-14.6701,-20.6919
-21.4691,-19.8722,-19.9405,-18.5948,-15.4155,-19.2043,-20.5372,-15.6554,-16.0329,-15.9821,-14.5421,-19.8394,-19.3498,-15.3114,-14.038,-14.0532,-18.4523,-20.1323,-13.2318,-14.4176,-19.1593,-17.449,-12.3887,-22.0793,-18.0213,-18.8588,-18.3205,-14.9865,-17.2524,-14.8338,-15.7646,-11.635,-15.2283,-15.5475,-17.1459,-18.1833,-18.384,-17.3657,-15.7181,-19.6825,-15.184,-13.9975,-19.6992,-17.9527,-17.5312,-18.6442,-15.3147,-18.6642,-16.5287,-15.4031,-15.0894,-20.6653,-17.7538,-21.85,-16.6353,-15.6682,-17.0084,-18.0389,-15.74,-20.4913,-16.4465,-13.1169,-14.5484,-16.3874,-18.8661,-18.274,-16.2415,-16.3467,-16.1308,-13.1515,-18.8749,-14.8873,-15.6124,-16.4934,-14.1067,-15.9066,-15.8873,-18.4758,-14.5942,-15.1286,-17.7971,-18.7085,-19.7111,-14.514,-12.6901,-19.0497,-19.3132,-22.4651,-15.039,-16.0264,-17.228,-18.9412,-14.5823,-20.028,-14.2886,-16.8717,-12.9282,-22.0675,-21.7462,-13.8334,-20.9316,-13.7576,-21.3367,-17.6702,-14.3662,-17.8183,-17.2788,-14.7775,-14.0493,-19.4679,-18.6664,-13.5415,-21.2408,-17.4333,-16.0755,-15.4976,-16.858,-17.3999,-18.8921,-20.6374,-18.0343,-19.4047,-16.5502,-17.5871,-18.8155,-20.8813,-19.4523,-16.2906,-18.5008,-21.176,-14.5253,-20.2821,-17.0539,-16.6647,-19.0096,-19.2944,-20.9365,-18.5078,-16.9555,-16.6486,-18.0642,-20.614,-20.3464,-19.4002,-18.774,-16.9643,-15.6193,-13.526,-16.5912,-15.4561,-16.8805,-17.5702,-20.5008,-21.6814,-17.0222,-15.4812,-15.0356,-17.8322,-18.4272,-19.4376,-19.921,-16.3139,-18.1597,-17.3791,-15.928,-17.0581,-18.8109,-14.4531,-16.1788,-18.5242,-14.0271,-15.7955,-15.366,-15.0709,-13.7074,-18.6825,-18.2154,-19.7339,-16.1716,-15.2489,-18.0642,-20.5022,-18.5864,-19.1534,-19.4808,-14.9902,-15.9043,-20.5722,-18.5295,-12.6992,-17.059,-18.932,-22.5316,-15.6434,-14.7663,-18.1897,-22.6578,-17.3222,-16.6025,-13.1703,-19.2631,-23.1307,-16.0768,-17.5648,-19.9133,-18.1593,-18.6716,-16.9104,-16.7318,-17.8266,-19.4348,-17.956,-20.4035,-17.6154,-20.9999,-21.6533,-16.7734,-13.8436,-17.0338,-18.7205,-19.4664,-21.9778,-19.5515,-22.1645,-19.7833,-19.0261,-20.8693,-19.3959,-20.4606,-19.2642,-18.0677,-17.8625,-15.9247,-19.933,-15.7125,-19.6279,-20.1206,-17.8646,-18.8547,-14.1437,-15.654,-19.7529,-18.7756,-16.3698,-14.682,-20.2028,-16.1524,-16.2805,-15.3176,-17.2108,-18.5327,-23.3351,-17.7796,-14.9633,-15.5363,-19.4115,-18.1499,-14.3023,-13.4208,-16.9001,-19.947,-15.333,-16.4108,-17.085,-15.0288,-15.7392,-17.4376,-19.2879,-12.3671,-18.0544,-18.0451,-18.8397,-13.359,-12.218,-17.8216,-18.1658,-19.6739,-13.3621,-13.0765,-16.9452,-16.2892,-18.3665,-17.8441,-16.8412,-15.4503,-17.4656,-16.9965,-18.8732,-19.0648,-18.1785,-21.0119,-14.4524,-14.7094,-19.8791,-16.7202,-17.0398,-16.5791,-17.4571,-17.4166,-17.4499,-17.7401,-12.995,-15.6753,-14.8593,-13.5776,-20.0676,-13.5042,-12.7861,-14.7996,-20.1622,-16.2328,-18.2932,-17.989,-15.5642,-19.1735,-18.3666,-16.8196,-13.8107,-18.8343,-20.8474,-19.5631,-15.5076,-18.4638,-14.2326,-19.3132,-12.8644,-18.0414,-18.118,-18.2925,-17.2732,-18.6095,-18.2174,-18.823,-20.6987,-17.1304,-13.9278,-17.7533,-14.4987,-16.4231,-18.2293,-18.0468,-18.9659,-17.7058,-19.5606,-20.6858,-19.5411,-16.8457,-18.0324,-18.1025,-14.9484,-18.0594,-17.186,-16.5858,-13.6675,-18.3829,-13.7918,-15.7365,-19.7818,-18.9188,-18.6103,-18.9161,-14.3367,-17.4448,-18.0642,-17.5384,-18.661,-14.9585,-15.5096,-18.0231,-17.947,-19.1907,-17.0944,-15.9901,-17.9638,-16.5529,-17.1734,-16.5217,-18.5294,-16.7683,-16.1827,-15.7688,-16.2185,-16.5362,-16.8315,-15.8939,-16.4444,-17.8696,-16.4556,-15.4003,-15.8367,-18.379,-17.6284,-14.3697,-15.9054,-22.0261,-15.3453,-21.2133,-14.1884,-16.5576,-17.8878,-19.595,-18.6657,-17.4071,-17.5889,-18.4303,-21.3934,-13.8233,-19.604,-17.1144,-20.7986,-22.6382,-19.3771,-20.5811,-13.1902,-14.8128,-19.2935,-18.057,-15.4567,-19.3784,-16.6557,-13.6135,-21.3661,-16.0941,-14.1589,-19.7735,-14.9711,-16.689,-17.8278,-20.6874,-16.7247,-20.0236,-18.7553,-18.4179,-16.8559,-18.2379,-15.6815,-17.0713,-16.9553,-17.1544,-17.8433,-20.4455,-18.928,-20.2078,-18.0797,-18.3806,-16.3778,-15.4123,-15.9968,-15.4747,-16.3546,-19.3062,-13.6338,-22.4213,-15.8619,-13.9841,-18.8267,-16.1973,-16.5352,-16.1929,-19.047,-18.8722,-19.81,-20.6242,-17.071,-20.1948,-16.1667,-12.9239,-17.5542,-19.2622,-20.1437,-19.0933,-16.9406,-20.897,-20.785,-21.5363,-18.3385,-20.979,-19.2891,-17.46,-17.0959,-20.3039,-16.9022,-15.8245,-16.9665,-16.6128,-14.4015,-18.3193,-19.6244,-15.7249,-14.5725,-17.8167,-15.7325,-19.0589,-17.8323,-17.5446,-15.8003,-18.4406,-20.8637,-17.7548,-18.4722,-18.7807,-15.9005,-18.1672,-16.97,-13.7101,-20.1219,-18.5008,-20.2552,-21.624,-15.4545,-21.5977
-22.362,-20.6732,-20.8461,-19.5006,-16.2394,-20.1011,-21.4302,-16.3955,-16.92,-16.8175,-15.3378,-20.6257,-20.1464,-16.155,-14.8735,-14.761,-19.293,-21.0223,-13.9,-15.2946,-20.0492,-18.2028,-13.112,-23.0692,-18.7579,-19.6667,-19.1905,-15.8147,-18.0945,-15.6873,-16.4934,-12.3121,-16.0712,-16.4553,-18.0089,-18.8067,-19.2754,-18.2299,-16.5315,-20.5599,-16.0355,-14.6963,-20.5057,-18.7736,-18.2705,-19.5072,-16.1411,-19.508,-17.3168,-16.3181,-15.9493,-21.4661,-18.5809,-22.769,-17.4343,-16.4934,-17.7993,-18.7895,-16.534,-21.343,-17.1559,-13.8744,-15.3825,-17.1804,-19.7295,-19.1153,-17.0403,-17.1817,-16.9098,-13.9355,-19.6691,-15.6595,-16.457,-17.2618,-14.8764,-16.7372,-16.6665,-19.3889,-15.3862,-15.9063,-18.7193,-19.4837,-20.631,-15.3188,-13.4518,-19.9831,-20.2112,-23.404,-15.8797,-16.7998,-18.0728,-19.7355,-15.3915,-20.8305,-15.0479,-17.7899,-13.6886,-23.0205,-22.6448,-14.5909,-21.8251,-14.5341,-22.2841,-18.468,-15.1154,-18.7438,-18.072,-15.5391,-14.8555,-20.3323,-19.5803,-14.3322,-22.1721,-18.3398,-16.8535,-16.2312,-17.7063,-18.1614,-19.7205,-21.5561,-18.9127,-20.231,-17.4171,-18.4923,-19.6957,-21.7768,-20.3436,-17.1428,-19.4216,-22.0444,-15.2664,-21.1942,-17.8409,-17.6046,-19.8065,-20.1706,-21.8566,-19.3813,-17.8624,-17.5275,-18.9298,-21.4752,-21.1738,-20.1893,-19.6183,-17.7025,-16.4891,-14.2842,-17.5027,-16.2068,-17.7802,-18.4255,-21.3709,-22.6085,-17.8937,-16.3179,-15.8261,-18.5615,-19.3329,-20.2845,-20.8307,-17.0703,-18.955,-18.2616,-16.7844,-17.8215,-19.6745,-15.2824,-17.0848,-19.3847,-14.7982,-16.6481,-16.1588,-15.9065,-14.4342,-19.498,-19.0009,-20.5661,-16.9533,-16.0177,-18.9051,-21.3809,-19.4655,-19.9567,-20.4204,-15.8035,-16.6808,-21.4195,-19.3371,-13.48,-17.8822,-19.7677,-23.4448,-16.4896,-15.5647,-19.1054,-23.6261,-18.2163,-17.4192,-13.9463,-20.1896,-24.0982,-16.8994,-18.4518,-20.8425,-19.0632,-19.5866,-17.8162,-17.5056,-18.7033,-20.4151,-18.7533,-21.3306,-18.5457,-21.876,-22.6001,-17.6721,-14.5928,-17.9111,-19.4543,-20.4333,-22.9464,-20.5049,-23.0731,-20.6995,-19.9761,-21.7254,-20.3055,-21.3273,-20.0499,-18.9638,-18.7184,-16.7844,-20.8466,-16.5626,-20.4256,-20.9569,-19.0147,-19.7647,-14.9485,-16.5421,-20.6057,-19.5415,-17.3844,-15.4589,-21.0916,-16.9901,-17.119,-16.1638,-18.0348,-19.3708,-24.3151,-18.5685,-15.8147,-16.4205,-20.2252,-19.0173,-15.4506,-14.2253,-17.752,-20.9451,-16.2001,-17.2371,-17.8862,-15.8583,-16.5785,-18.2687,-20.2565,-13.0785,-18.8398,-18.997,-19.635,-14.1262,-12.9551,-18.5775,-19.1189,-20.6314,-14.1164,-13.8517,-17.729,-17.0251,-19.1881,-18.8011,-17.5613,-16.2073,-18.2311,-17.7172,-19.6166,-19.9848,-19.0786,-21.9576,-15.1732,-15.4838,-20.7421,-17.5187,-17.794,-17.468,-18.3289,-18.1458,-18.308,-18.569,-13.6993,-16.3386,-15.572,-14.2658,-20.8935,-14.1828,-13.4444,-15.6244,-20.9537,-17.0155,-19.1247,-18.8547,-16.2117,-20.0256,-19.176,-17.6927,-14.6377,-19.6427,-21.7136,-20.3878,-16.1787,-19.3388,-15.0394,-20.1462,-13.6574,-18.8719,-18.8727,-19.142,-18.0726,-19.3946,-19.0087,-19.768,-21.4741,-18.0603,-14.6664,-18.5684,-15.2752,-17.379,-19.0368,-18.7433,-19.8926,-18.4583,-20.3794,-21.6226,-20.4272,-17.6466,-18.7634,-19.0346,-15.8303,-18.9684,-17.9773,-17.3017,-14.3784,-19.2287,-14.5505,-16.6242,-20.6539,-19.8484,-19.4802,-19.8232,-15.1039,-18.3786,-18.9273,-18.3859,-19.5277,-15.7839,-16.332,-18.7983,-18.7396,-20.017,-17.8435,-16.8262,-18.7479,-17.4005,-17.9884,-17.2878,-19.3707,-17.5718,-16.9354,-16.5771,-16.3659,-17.3501,-17.6639,-16.7455,-17.2474,-18.6435,-17.2788,-16.1858,-16.7017,-19.2284,-18.6019,-15.1814,-16.6749,-23.0134,-16.0828,-22.1175,-14.9928,-17.2896,-18.7252,-20.52,-19.5955,-18.2723,-18.4617,-19.3714,-22.2551,-14.5651,-20.4824,-18.0155,-21.6997,-23.5685,-20.2552,-21.4684,-13.9354,-15.6601,-20.1249,-18.9753,-16.325,-20.2065,-17.5556,-14.3781,-22.2987,-16.9899,-14.9686,-20.684,-15.8409,-17.5742,-18.6914,-21.6521,-17.6165,-20.8643,-19.6689,-19.2713,-17.7859,-19.0916,-16.5613,-17.9322,-17.7928,-17.968,-18.5928,-21.2843,-19.7248,-21.0561,-18.885,-19.2553,-17.2038,-16.1685,-16.8284,-16.2831,-17.3085,-20.1375,-14.4055,-23.3356,-16.6107,-14.7314,-19.6215,-16.9697,-17.3673,-16.9752,-19.971,-19.672,-20.7508,-21.546,-17.8668,-21.1327,-17.0734,-13.6865,-18.4565,-20.0359,-21.0436,-19.9149,-17.8918,-21.7865,-21.7449,-22.4572,-19.223,-21.9,-20.1909,-18.4008,-17.9048,-21.1661,-17.8481,-16.6704,-17.8686,-17.4011,-15.1975,-19.183,-20.5714,-16.5896,-15.3916,-18.6008,-16.578,-19.8715,-18.7055,-18.4986,-16.6412,-19.2265,-21.7173,-18.5335,-19.2069,-19.6238,-16.6995,-19.0336,-17.7917,-14.4899,-21.0084,-19.3049,-21.2133,-22.5244,-16.2337,-22.5305
-23.1814,-21.5926,-21.7166,-20.4025,-17.0573,-20.9697,-22.3052,-17.1034,-17.8022,-17.6537,-16.0457,-21.4583,-20.9247,-17.0101,-15.6787,-15.4506,-20.1395,-21.9122,-14.5643,-16.0931,-21.0021,-18.9516,-13.833,-24.0523,-19.4977,-20.4797,-20.0635,-16.6231,-18.9602,-16.5451,-17.2006,-13.003,-16.9186,-17.346,-18.8786,-19.541,-20.1879,-19.0813,-17.3509,-21.4254,-16.8352,-15.3843,-21.3546,-19.5862,-19.0364,-20.3542,-16.9516,-20.4624,-18.0956,-17.1564,-16.7888,-22.3189,-19.4158,-23.7114,-18.2273,-17.3251,-18.5721,-19.5621,-17.3104,-22.2219,-17.9195,-14.6703,-16.2351,-17.9754,-20.5878,-19.9462,-17.8386,-17.9921,-17.7083,-14.7118,-20.4813,-16.4403,-17.286,-18.0642,-15.6541,-17.533,-17.4256,-20.3414,-16.1741,-16.6908,-19.5991,-20.2478,-21.5488,-16.1285,-14.2289,-20.9106,-21.112,-24.3423,-16.6644,-17.575,-18.8704,-20.4991,-16.2157,-21.6574,-15.807,-18.7227,-14.455,-23.9904,-23.5365,-15.347,-22.7277,-15.3023,-23.2364,-19.2569,-15.8982,-19.6655,-18.8618,-16.2841,-15.6518,-21.2103,-20.504,-15.0978,-23.1319,-19.2552,-17.6438,-16.9748,-18.6015,-18.9468,-20.575,-22.4811,-19.7756,-21.0704,-18.285,-19.3988,-20.572,-22.6625,-21.2492,-17.9868,-20.3245,-22.9244,-16.0091,-22.0902,-18.5972,-18.5301,-20.6142,-21.0355,-22.7644,-20.2561,-18.7631,-18.4061,-19.779,-22.3551,-21.9911,-20.9796,-20.4723,-18.4433,-17.3658,-15.0404,-18.4209,-16.9485,-18.6868,-19.2768,-22.2098,-23.5337,-18.7402,-17.1484,-16.6372,-19.3073,-20.2424,-21.143,-21.7146,-17.824,-19.7323,-19.1447,-17.6393,-18.586,-20.5545,-16.1322,-17.9818,-20.2485,-15.5844,-17.4624,-16.957,-16.7415,-15.2009,-20.3592,-19.7965,-21.4096,-17.7901,-16.8097,-19.723,-22.2792,-20.3455,-20.7328,-21.358,-16.6404,-17.4673,-22.2757,-20.2306,-14.2555,-18.7034,-20.593,-24.3541,-17.3199,-16.3588,-20.003,-24.5827,-19.0945,-18.2341,-14.7304,-21.1455,-25.0666,-17.7335,-19.3555,-21.7679,-19.9716,-20.5236,-18.7039,-18.2724,-19.6707,-21.4212,-19.5419,-22.2526,-19.5443,-22.8205,-23.5619,-18.5845,-15.336,-18.9235,-20.2878,-21.3974,-23.8806,-21.3559,-23.9829,-21.6614,-20.9026,-22.5584,-21.2457,-22.1954,-20.847,-19.8307,-19.5667,-17.6593,-21.7364,-17.4251,-21.2336,-21.8073,-19.9264,-20.6653,-15.7522,-17.427,-21.4464,-20.3403,-18.1273,-16.2271,-21.9727,-17.838,-17.9688,-17.0092,-18.9189,-20.2071,-25.2969,-19.4769,-16.5291,-17.3415,-20.9861,-19.866,-16.1958,-15.021,-18.6003,-22.4218,-17.0664,-18.0479,-18.6708,-16.6954,-17.3841,-19.1148,-21.2244,-13.8047,-19.6081,-19.9376,-20.4606,-14.8887,-13.6784,-19.368,-20.0682,-21.8642,-14.8781,-14.6274,-18.5036,-17.7601,-19.9731,-19.7563,-18.2631,-16.8948,-18.9746,-18.4388,-20.3808,-20.9063,-19.9567,-22.9337,-15.8781,-16.2607,-21.5968,-18.301,-18.5425,-18.344,-19.1983,-18.8773,-19.1623,-19.4227,-14.3989,-17.0125,-16.3229,-14.9607,-21.7224,-14.8675,-14.1151,-16.4724,-21.7462,-17.7796,-19.9995,-19.7142,-17.049,-20.856,-20.0634,-18.5651,-15.4711,-20.4444,-22.5889,-21.2312,-16.8575,-20.1368,-15.8472,-20.9388,-14.428,-19.6784,-19.6574,-19.9714,-18.8759,-20.179,-19.8091,-20.6639,-22.3247,-18.9931,-15.4012,-19.3968,-16.0604,-18.3161,-19.8245,-19.5038,-20.821,-19.2076,-21.2193,-22.5625,-21.32,-18.4356,-19.4784,-19.9541,-16.706,-19.8465,-18.7691,-18.0517,-15.1002,-20.0723,-15.3123,-17.5122,-21.5091,-20.7642,-20.3637,-20.7189,-15.8815,-19.2916,-19.7872,-19.2411,-20.3884,-16.622,-17.1589,-19.5824,-19.4931,-20.8725,-18.6198,-17.6542,-19.5321,-18.2503,-18.793,-18.081,-20.2138,-18.362,-17.6798,-17.4148,-17.3694,-18.2241,-18.4817,-17.588,-18.056,-19.4107,-18.1,-16.9589,-17.5976,-20.1083,-19.6256,-15.9994,-17.4514,-23.9809,-16.8252,-23.1193,-15.7573,-18.0222,-19.555,-21.4132,-20.5592,-19.1751,-19.3326,-20.286,-23.0952,-15.2992,-21.3682,-18.9083,-22.5912,-24.5099,-21.1587,-22.3492,-14.684,-16.5217,-20.9733,-19.9027,-17.2057,-21.0478,-18.4431,-15.1337,-23.2285,-17.8769,-15.772,-21.5776,-16.7102,-18.4457,-19.5684,-22.625,-18.5103,-21.7086,-20.5766,-20.1151,-18.7186,-19.9292,-17.338,-18.7944,-18.638,-18.7941,-19.3796,-22.1305,-20.5147,-21.912,-19.6861,-20.1123,-18.0281,-16.9499,-17.6679,-17.0713,-18.2203,-20.9597,-15.1407,-24.287,-17.3955,-15.4538,-20.4204,-17.7309,-18.1891,-17.7683,-20.8871,-20.4463,-21.685,-22.4842,-18.6522,-22.0611,-17.9776,-14.4488,-19.3879,-20.8165,-21.977,-20.7498,-18.8432,-22.6938,-22.7089,-23.3691,-20.0891,-22.8479,-21.0921,-19.3513,-18.7106,-22.0261,-18.7742,-17.5192,-18.7615,-18.2024,-15.9748,-20.0409,-21.5089,-17.4439,-16.1916,-19.386,-17.442,-20.6798,-19.5832,-19.4376,-17.4826,-20.0099,-22.5742,-19.334,-19.9536,-20.455,-17.4955,-19.8976,-18.6178,-15.272,-21.9328,-20.064,-22.1631,-23.4247,-17.0078,-23.4719
-24.0415,-22.4548,-22.4893,-21.2869,-17.8585,-21.8771,-23.1765,-17.8421,-18.6877,-18.4829,-16.8673,-22.2589,-21.729,-17.8473,-16.4981,-16.1518,-20.9656,-22.7708,-15.2294,-16.8767,-21.7047,-19.6926,-14.5445,-25.0263,-20.2346,-21.2839,-20.9008,-17.4429,-19.8034,-17.4015,-17.9291,-13.6766,-17.7546,-18.19,-19.7323,-20.4873,-21.0472,-19.9349,-18.1662,-22.2932,-17.6335,-16.0732,-22.165,-20.3785,-19.7688,-21.2153,-17.7687,-21.265,-19.0254,-17.9933,-17.6451,-23.197,-20.2417,-24.6329,-19.0037,-18.1548,-19.3132,-20.2968,-18.0895,-23.068,-18.7477,-15.4531,-17.0828,-18.7721,-21.456,-20.7674,-18.6243,-18.8,-18.4852,-15.4915,-21.2806,-17.2069,-18.1174,-18.9471,-16.421,-18.3425,-18.1813,-21.2058,-16.957,-17.4495,-20.5081,-20.9942,-22.4583,-16.937,-14.991,-21.825,-22.0046,-25.2712,-17.4928,-18.3356,-19.7015,-21.3059,-17.0236,-22.458,-16.5486,-19.635,-15.2126,-24.9149,-24.4305,-16.1017,-23.6261,-16.0701,-24.1653,-20.0439,-16.668,-20.5832,-19.635,-17.0371,-16.434,-22.0499,-21.4636,-15.8756,-23.9679,-20.1421,-18.4258,-17.7019,-19.4916,-19.6788,-21.4238,-23.3935,-20.6461,-21.887,-19.1279,-20.2939,-21.4494,-23.545,-22.1573,-18.8561,-21.2317,-23.7824,-16.7267,-22.989,-19.3687,-19.465,-21.4012,-21.8988,-23.6768,-21.1151,-19.6582,-19.2788,-20.6214,-23.2342,-22.8241,-21.778,-21.3059,-19.181,-18.2401,-15.7862,-19.3223,-17.7048,-19.5769,-20.1582,-23.0542,-24.4412,-19.6544,-17.9807,-17.4271,-20.0327,-21.1369,-21.9754,-22.6468,-18.6143,-20.5252,-20.0708,-18.4949,-19.3687,-21.4057,-16.957,-18.8792,-21.105,-16.3368,-18.3022,-17.7359,-17.5853,-15.9529,-21.1618,-20.573,-22.2441,-18.6151,-17.5683,-20.5447,-23.1545,-21.2058,-21.5795,-22.4197,-17.4848,-18.245,-23.1016,-21.0185,-15.0285,-19.5136,-21.4031,-25.2778,-18.1365,-17.1403,-20.915,-25.5376,-19.9682,-19.0495,-15.5064,-22.0531,-26.0194,-18.5516,-20.2465,-22.6842,-20.847,-21.4754,-19.6031,-19.0327,-20.5333,-22.41,-20.3425,-23.1756,-20.5153,-23.69,-24.5087,-19.4801,-16.1208,-19.7769,-21.0639,-22.3176,-24.8443,-22.5026,-24.9046,-22.5696,-21.859,-23.4959,-22.1456,-23.0696,-21.5997,-20.7276,-20.394,-18.6132,-22.638,-18.2916,-22.0408,-22.6358,-20.8216,-21.5818,-16.5591,-18.3003,-22.284,-21.1492,-19.04,-16.9907,-22.8464,-18.677,-18.8076,-17.8706,-19.6098,-21.0282,-26.2677,-20.3123,-17.4272,-18.1672,-21.8304,-20.7131,-16.6908,-15.8036,-19.4245,-23.1882,-17.9169,-18.8692,-19.5044,-17.5116,-18.2037,-19.9453,-22.1728,-14.5177,-20.3961,-20.8591,-21.2564,-15.6468,-14.4045,-20.1346,-20.989,-22.7657,-15.6302,-15.3862,-19.2577,-18.475,-20.776,-20.6845,-18.9723,-17.5259,-19.7415,-19.1554,-21.1403,-21.8132,-20.8501,-23.8275,-16.5901,-17.0169,-22.4519,-19.0945,-19.2838,-19.2485,-20.0625,-19.595,-19.9937,-20.2672,-15.093,-17.6788,-17.0182,-15.634,-22.5702,-15.5501,-14.7756,-17.2592,-22.5873,-18.6178,-20.8213,-20.5667,-17.8176,-21.6694,-20.8621,-19.4376,-16.296,-21.2496,-23.4498,-22.0459,-17.5221,-20.9706,-16.6468,-21.7926,-15.2214,-20.4961,-20.4204,-20.8204,-19.683,-21.0015,-20.6232,-21.6094,-23.1459,-19.9205,-16.1235,-20.2129,-16.8288,-19.2544,-20.6053,-20.2178,-21.7313,-19.9726,-22.0346,-23.4833,-22.2253,-19.2278,-20.1959,-20.8723,-17.5808,-20.758,-19.5582,-18.7655,-15.8118,-20.9443,-16.0714,-18.3928,-22.3778,-21.684,-21.2577,-21.6145,-16.6397,-20.2136,-20.6592,-20.0837,-21.2714,-17.4439,-17.9578,-20.349,-20.3106,-21.7168,-19.3857,-18.4748,-20.3062,-19.0897,-19.5987,-18.8549,-21.0398,-19.1397,-18.424,-18.2301,-18.0885,-18.9779,-19.2678,-18.432,-18.8561,-20.1704,-18.9191,-17.7246,-18.4493,-20.8948,-20.6017,-16.7971,-18.2217,-24.9165,-17.5439,-23.9808,-16.6105,-18.7546,-20.4135,-22.3281,-21.5055,-20.0624,-20.1994,-21.1861,-24.0937,-16.0149,-22.2393,-19.7916,-23.4858,-25.4306,-22.0387,-23.2332,-15.4287,-17.3701,-21.7758,-20.8225,-18.0888,-21.8782,-19.3399,-15.8929,-24.1598,-18.7583,-16.5878,-22.4946,-17.5689,-19.3297,-20.4356,-23.5857,-19.3876,-22.5557,-21.4913,-20.9595,-19.6447,-20.7937,-18.2061,-19.6519,-19.4811,-19.5782,-20.123,-22.9662,-21.2944,-22.7466,-20.4809,-20.9781,-18.8569,-17.7266,-18.4988,-17.873,-19.1248,-21.7548,-15.8933,-25.1709,-18.1307,-16.1849,-21.2003,-18.4856,-19.0022,-18.5418,-21.8077,-21.2595,-22.6163,-23.4006,-19.4157,-22.9941,-18.8644,-15.1725,-20.2925,-21.5854,-22.8785,-21.5583,-19.8126,-23.5619,-23.665,-24.2864,-20.9608,-23.7705,-21.9764,-20.2704,-19.512,-22.8734,-19.6955,-18.3571,-19.6642,-18.9964,-16.7569,-20.9138,-22.4428,-18.3158,-16.9776,-20.1529,-18.308,-21.4907,-20.4458,-20.3688,-18.3166,-20.7858,-23.4267,-20.1296,-20.7019,-21.2897,-18.291,-20.7421,-19.4337,-16.0419,-22.8236,-20.8354,-23.1134,-24.2993,-17.7937,-24.3362
-24.8983,-23.2836,-23.5619,-22.1926,-18.6758,-22.754,-24.0318,-18.5668,-19.5574,-19.3132,-17.704,-23.0867,-22.5163,-18.6975,-17.326,-16.7979,-21.8107,-23.64,-15.8896,-17.7823,-22.6175,-20.4548,-15.2644,-26.0167,-20.9747,-22.097,-21.7663,-18.258,-20.663,-18.2453,-18.6481,-14.3619,-18.5876,-19.0688,-20.6086,-21.4662,-21.9274,-20.7775,-18.9826,-23.1599,-18.4224,-16.7683,-22.9947,-21.1929,-20.5147,-22.0732,-18.5694,-22.1545,-19.8253,-18.8583,-18.4949,-23.9597,-21.0722,-25.5475,-19.7946,-18.9982,-20.1028,-21.0512,-18.9066,-23.9297,-19.459,-16.2059,-17.9177,-19.5534,-22.2936,-21.6005,-19.4053,-19.6168,-19.2653,-16.2592,-22.0998,-17.9777,-18.9277,-19.7219,-17.1812,-19.1514,-18.9584,-22.1616,-17.7479,-18.2253,-21.4008,-21.7419,-23.3645,-17.7592,-15.7537,-22.75,-22.8894,-26.1916,-18.2955,-19.119,-20.5232,-22.1069,-17.8266,-23.2568,-17.2788,-20.5398,-15.9843,-25.8656,-25.3227,-16.8701,-24.529,-16.8183,-25.0975,-20.8538,-17.4276,-21.4982,-20.4275,-17.8042,-17.2715,-22.8976,-22.3542,-16.6308,-25.0007,-21.0299,-19.2001,-18.4813,-20.3453,-20.4917,-22.2435,-24.2988,-21.4942,-22.6998,-20.0132,-21.1873,-22.3052,-24.4279,-23.046,-19.6808,-22.1415,-24.6731,-17.4748,-23.9078,-20.1249,-20.3868,-22.2174,-22.7677,-24.5665,-21.9976,-20.566,-20.1501,-21.4681,-24.0981,-23.6338,-22.5458,-22.1601,-19.926,-19.1213,-16.5401,-20.2257,-18.4447,-20.4858,-21.2113,-23.925,-25.3913,-20.4961,-18.8118,-18.1989,-20.7745,-22.0247,-22.8274,-23.5389,-19.3575,-21.3164,-20.9082,-19.3496,-20.1219,-22.2835,-17.7657,-19.7783,-21.9831,-17.097,-19.137,-18.5418,-18.432,-16.671,-21.9988,-21.3758,-23.0834,-19.4253,-18.3547,-21.3618,-24.0586,-22.0645,-22.3814,-23.3907,-18.3003,-19.0454,-23.9509,-21.7346,-15.8052,-20.3228,-22.201,-26.173,-19.0125,-17.9322,-21.8243,-26.4985,-20.8781,-19.8567,-16.2736,-22.9859,-26.9705,-19.3938,-21.1304,-23.5818,-21.7779,-22.3176,-20.4905,-19.7813,-21.4631,-23.3979,-21.1494,-24.1231,-21.4601,-24.616,-25.4545,-20.3794,-16.8968,-20.6885,-21.8451,-23.2662,-25.7641,-23.4494,-25.7832,-23.5473,-22.7725,-24.3053,-23.0565,-23.9485,-22.3736,-21.6031,-21.2484,-19.4152,-23.5239,-19.1824,-22.8713,-23.4612,-21.8141,-22.4518,-17.206,-19.1855,-23.124,-21.9382,-19.9542,-17.7457,-23.7212,-19.5172,-19.6552,-18.6952,-20.471,-21.8677,-27.2697,-21.1522,-18.2314,-19.0532,-22.621,-21.5845,-17.7424,-16.593,-20.2823,-24.0177,-18.7675,-19.6678,-20.2806,-18.3467,-19.0167,-20.7769,-23.1459,-15.2268,-21.1573,-21.81,-22.0648,-16.4203,-15.1321,-20.9063,-21.925,-23.6054,-16.3868,-16.1484,-20.0375,-19.2061,-21.5729,-21.6166,-19.6764,-18.3998,-20.4997,-19.87,-21.9163,-22.7514,-21.726,-24.7855,-17.2997,-17.7963,-23.309,-19.8816,-20.0423,-20.128,-20.9376,-20.3125,-20.8504,-21.1186,-15.8135,-18.3304,-17.7687,-16.3304,-23.3979,-16.231,-15.4201,-18.0927,-23.3999,-19.3619,-21.6966,-21.4408,-18.5824,-22.5103,-21.6805,-20.3132,-17.1441,-22.0482,-24.3142,-22.8708,-18.2006,-21.8563,-17.456,-22.6454,-16.0117,-21.2982,-21.2058,-21.6577,-20.4818,-21.7795,-21.4564,-22.536,-23.9503,-20.8413,-16.8605,-21.0406,-17.6044,-20.1866,-21.4031,-20.9362,-22.6544,-20.7084,-22.8691,-24.4214,-23.1063,-20.032,-20.9327,-21.7898,-18.4612,-21.6372,-20.346,-19.4817,-16.5246,-21.7917,-16.83,-19.2787,-23.2338,-22.6013,-22.1319,-22.4989,-17.4217,-21.0962,-21.4966,-20.9241,-22.1372,-18.2596,-18.7792,-21.1218,-21.0742,-22.5218,-20.1412,-19.3076,-21.0971,-19.9476,-20.3791,-19.6421,-21.8768,-19.9324,-19.1755,-19.0574,-18.8773,-19.8896,-20.0825,-19.2842,-19.6536,-20.9464,-19.6953,-18.5002,-19.3498,-21.7146,-21.5977,-17.6158,-18.9756,-25.8833,-18.2848,-24.9405,-17.3996,-19.5027,-21.2446,-23.1973,-22.4409,-20.9361,-21.0725,-22.0792,-24.9336,-16.7512,-23.1218,-20.6866,-24.3039,-26.3791,-22.9382,-24.1062,-16.1749,-18.2293,-22.5835,-21.736,-18.9555,-22.71,-20.2243,-16.6452,-25.0813,-19.64,-17.4133,-23.3705,-18.4258,-20.1986,-21.2884,-24.538,-20.2814,-23.4027,-22.3988,-21.8173,-20.5543,-21.6438,-18.9765,-20.5103,-20.3122,-20.3554,-20.8598,-23.7909,-22.071,-23.5837,-21.2767,-21.8444,-19.6841,-18.5,-19.3377,-18.6744,-20.0554,-22.5709,-16.6477,-26.1424,-18.9135,-16.9403,-21.9831,-19.2301,-19.8237,-19.3166,-22.7191,-22.0541,-23.5473,-24.3249,-20.1897,-23.9164,-19.7633,-15.9365,-21.1953,-22.3639,-23.801,-22.3859,-20.7444,-24.4328,-24.6215,-25.2007,-21.8433,-24.6921,-22.8741,-21.2319,-20.3079,-23.7271,-20.6192,-19.1946,-20.5415,-19.7868,-17.5489,-21.771,-23.3877,-19.1663,-17.7683,-20.9387,-19.1608,-22.2953,-21.3113,-21.3073,-19.1713,-21.5713,-24.2795,-20.9148,-21.4352,-22.1197,-19.0896,-21.607,-20.2449,-16.821,-23.7312,-21.6353,-24.0564,-25.1933,-18.5647,-25.2816
-25.8383,-24.077,-24.3217,-23.0834,-19.4901,-23.5725,-24.8961,-19.2736,-20.4396,-20.1366,-18.4481,-23.9022,-23.2804,-19.5231,-18.124,-17.4575,-22.6388,-24.54,-16.5532,-18.5208,-23.47,-21.1869,-15.9769,-26.9798,-21.7003,-22.8788,-22.6049,-19.0676,-21.5062,-19.0853,-19.3645,-15.0279,-19.4168,-19.9376,-21.4752,-22.3487,-22.7902,-21.6259,-19.7836,-24.007,-19.1993,-17.4562,-23.8225,-21.933,-21.2607,-22.9131,-19.39,-22.9597,-20.5665,-19.6476,-19.3333,-24.9141,-21.8835,-26.4618,-20.5735,-19.7712,-20.855,-21.7965,-19.6896,-24.7634,-20.2187,-16.97,-18.7439,-20.3242,-23.1405,-22.4282,-20.1916,-20.4204,-20.0368,-17.0305,-22.894,-18.7531,-19.7364,-20.4832,-17.9398,-19.9649,-19.7038,-23.0448,-18.5241,-18.9976,-22.2597,-22.4891,-24.2822,-18.5355,-16.5067,-23.6706,-23.8006,-27.1226,-19.0774,-19.8705,-21.3189,-22.8682,-18.637,-24.0578,-18.0127,-21.4642,-16.7467,-26.8319,-26.1964,-17.605,-25.4129,-17.5846,-26.0222,-21.6442,-18.2047,-22.4072,-21.2058,-18.5371,-18.0885,-23.7579,-23.2645,-17.405,-25.7582,-21.9368,-19.9721,-19.1691,-21.2106,-21.2202,-23.0917,-25.2258,-22.3594,-23.5241,-20.8585,-22.0934,-23.1873,-25.2937,-23.9436,-20.5367,-23.0365,-25.5354,-18.202,-24.8088,-20.887,-21.306,-23.0076,-23.6273,-25.4945,-22.8648,-21.4463,-21.0101,-22.311,-24.9485,-24.4398,-23.3503,-22.997,-20.6314,-19.9772,-17.2788,-21.1254,-19.1926,-21.3765,-21.9292,-24.7691,-26.2954,-21.3741,-19.6436,-18.9515,-21.493,-22.9068,-23.664,-24.3999,-20.1304,-22.1118,-21.7801,-20.1797,-20.88,-23.1391,-18.5676,-20.6653,-22.8048,-17.8628,-19.928,-19.3196,-19.2589,-17.4627,-22.798,-22.1506,-23.9085,-20.2289,-19.1391,-22.179,-24.9176,-22.9228,-23.1587,-24.362,-19.1152,-19.8158,-24.7968,-22.5428,-16.5676,-21.1379,-22.9966,-27.0691,-19.8025,-18.7102,-22.7042,-27.442,-21.7462,-20.6653,-17.0356,-23.9346,-27.9268,-20.2001,-22.0232,-24.511,-22.6443,-23.3136,-21.3736,-20.5302,-22.4236,-24.3844,-21.9122,-25.0034,-22.335,-25.5313,-26.4178,-21.2507,-17.6427,-21.717,-22.636,-24.1849,-26.7083,-24.3197,-26.6817,-24.4736,-23.7253,-25.1254,-23.981,-24.8007,-23.1179,-22.5071,-22.1163,-20.2814,-24.4253,-19.9999,-23.6646,-24.298,-22.8736,-23.3262,-17.9985,-20.0564,-23.9438,-22.7315,-20.8147,-18.5056,-24.6057,-20.3384,-20.4836,-19.5946,-21.2352,-22.6859,-28.2338,-22.0449,-18.9475,-19.9455,-23.4428,-22.4226,-18.3577,-17.3676,-21.1023,-25.1661,-19.6303,-20.4784,-21.0639,-19.1616,-19.8554,-21.6118,-24.0863,-15.9362,-21.9198,-22.7565,-22.8753,-17.1585,-15.8473,-21.6713,-22.8582,-24.4702,-17.1387,-16.9181,-20.8054,-19.926,-22.3423,-22.5679,-20.3635,-19.1684,-21.2418,-20.5773,-22.6522,-23.6657,-22.6049,-25.752,-17.9932,-18.5551,-24.1606,-20.6197,-20.7806,-20.9951,-21.8067,-21.0306,-21.6773,-21.9514,-16.4889,-18.999,-18.4702,-16.985,-24.2251,-16.9107,-16.0703,-18.9021,-24.1854,-20.1494,-22.5612,-22.2929,-19.3048,-23.3105,-22.5246,-21.1839,-17.9573,-22.8405,-25.1765,-23.6846,-18.8696,-22.5888,-18.2696,-23.4708,-16.7772,-22.1098,-21.9643,-22.4732,-21.2841,-22.5555,-22.3172,-23.4617,-24.7891,-21.7782,-17.5777,-21.8528,-18.378,-21.1241,-22.197,-21.6582,-23.5679,-21.472,-23.6931,-25.3325,-23.99,-20.803,-21.6341,-22.6991,-19.3253,-22.5421,-21.1381,-20.1979,-17.225,-22.6126,-17.5758,-20.1554,-24.09,-23.5104,-23.016,-23.3877,-18.169,-22.0187,-22.3559,-21.7593,-22.9872,-19.0862,-19.5869,-21.8947,-21.9412,-23.3809,-20.8945,-20.1312,-21.8528,-20.7912,-21.1851,-20.4253,-22.7033,-20.7276,-19.922,-19.8721,-19.7314,-20.4957,-20.895,-20.1126,-20.4588,-21.7036,-20.5289,-19.2698,-20.2183,-22.6295,-22.6228,-18.4097,-19.7436,-26.8463,-19.0065,-25.936,-18.1943,-20.2177,-22.0737,-24.094,-23.4133,-21.826,-21.9138,-23.0241,-25.9014,-17.4801,-23.9907,-21.5689,-25.2115,-27.3218,-23.8117,-24.9835,-16.9035,-19.0617,-23.4093,-22.6606,-19.8191,-23.5336,-21.1126,-17.3902,-26.0051,-20.5136,-18.209,-24.273,-19.2712,-21.0526,-22.1538,-25.4881,-21.1627,-24.2422,-23.3088,-22.6509,-21.472,-22.4867,-19.7567,-21.3541,-21.1464,-21.1724,-21.612,-24.6243,-22.8652,-24.4172,-22.0662,-22.71,-20.4809,-19.2379,-20.1603,-19.4707,-20.9853,-23.3932,-17.38,-27.045,-19.6569,-17.634,-22.7543,-19.9944,-20.6223,-20.0643,-23.6497,-22.7765,-24.4863,-25.2425,-20.9767,-24.8385,-20.6653,-16.6867,-22.1041,-23.1137,-24.7129,-23.2185,-21.6948,-25.3548,-25.5808,-26.1081,-22.6946,-25.6219,-23.7667,-22.14,-21.1111,-24.5768,-21.5307,-20.0173,-21.4173,-20.5751,-18.3041,-22.632,-24.3135,-20.0297,-18.5652,-21.6946,-19.9857,-23.0983,-22.1687,-22.2346,-19.9841,-22.3406,-25.1327,-21.6976,-22.1577,-22.9394,-19.8743,-22.4634,-21.0557,-17.5805,-24.6225,-22.3908,-25.0033,-26.0928,-19.3312,-26.1824
-26.7187,-24.9546,-25.326,-24.0097,-20.329,-24.5098,-25.7919,-20.0423,-21.3271,-20.9929,-19.2625,-24.7393,-24.1338,-20.4121,-18.9924,-18.1982,-23.5045,-25.4545,-17.2448,-19.4204,-24.3329,-21.9567,-16.7284,-27.9776,-22.4697,-23.7038,-23.4911,-19.9083,-22.3547,-19.9742,-20.103,-15.7432,-20.2855,-20.8402,-22.3515,-22.9775,-23.6652,-22.4836,-20.626,-24.9141,-20.0451,-18.1737,-24.6691,-22.7909,-22.0653,-23.7887,-20.237,-23.8565,-21.4828,-20.5723,-20.2175,-25.6834,-22.7471,-27.4114,-21.3821,-20.7018,-21.6859,-22.5871,-20.509,-25.6586,-20.8911,-17.7682,-19.6127,-21.1478,-23.9932,-23.2751,-21.0084,-21.2723,-20.8545,-17.8192,-23.7256,-19.531,-20.5716,-21.3476,-18.7304,-20.8115,-20.5375,-24.0476,-19.3619,-19.806,-23.2124,-23.2799,-25.2035,-19.3772,-17.311,-24.602,-24.7243,-28.0632,-19.9338,-20.6758,-22.1658,-23.694,-19.4843,-24.8785,-18.8045,-22.396,-17.545,-27.7849,-27.1043,-18.3926,-26.3431,-18.369,-26.9838,-22.468,-19.0017,-23.3313,-22.0203,-19.284,-18.9006,-24.6483,-24.2025,-18.1858,-26.7675,-22.8486,-20.7673,-19.9437,-22.1319,-22.0059,-23.9467,-26.1478,-23.2646,-24.375,-21.7272,-23.0293,-24.0852,-26.2114,-24.8688,-21.3957,-23.9748,-26.4215,-18.9687,-25.7343,-21.6916,-22.2529,-23.8306,-24.5103,-26.427,-23.7493,-22.3766,-21.8993,-23.1744,-25.8414,-25.3037,-24.1563,-23.8667,-21.4351,-20.8982,-18.0547,-22.0605,-19.967,-22.3021,-22.9184,-25.6159,-27.2362,-22.2606,-20.4957,-19.8695,-22.256,-23.8282,-24.5402,-25.327,-20.9235,-22.9169,-22.7703,-21.0749,-21.6785,-24.0213,-19.4325,-21.5934,-23.6934,-18.6749,-20.8025,-20.1502,-20.1571,-18.2199,-23.6632,-22.9759,-24.7748,-21.067,-19.9599,-23.0408,-25.8472,-23.8258,-24.0115,-25.3967,-19.9634,-20.6866,-25.6732,-23.4416,-17.3689,-21.977,-23.845,-28.0113,-20.6791,-19.5223,-23.6387,-28.4362,-22.6522,-21.505,-17.8496,-24.8878,-28.9314,-21.0669,-22.9501,-25.4585,-23.6054,-24.2557,-22.2803,-21.3446,-23.3604,-25.4063,-22.7559,-25.9657,-23.349,-26.4356,-27.3975,-22.2361,-18.4477,-22.582,-23.4497,-25.1477,-27.6759,-25.2634,-27.6158,-25.4641,-24.6813,-26.0128,-24.9319,-25.7046,-23.948,-23.4098,-22.9776,-21.2161,-25.3698,-20.8815,-24.4943,-25.1659,-22.831,-24.2515,-18.8602,-20.9529,-24.8133,-23.5752,-21.6376,-19.2933,-25.5132,-21.2113,-21.3462,-20.4504,-22.0556,-23.5321,-29.2514,-22.8643,-19.7936,-20.8325,-24.276,-23.3056,-19.3537,-18.2004,-21.9702,-26.0803,-20.5104,-21.3111,-21.8467,-20.0221,-20.6934,-22.4723,-25.0654,-16.6691,-22.7235,-23.6519,-23.6936,-17.9502,-16.6177,-22.4745,-23.8151,-25.5492,-17.9196,-17.7257,-21.606,-20.681,-23.1702,-23.5619,-21.1084,-19.8298,-22.0306,-21.3295,-23.422,-24.6145,-23.5104,-26.7212,-18.7389,-19.3623,-25.0403,-21.4117,-21.5629,-21.9198,-22.6956,-21.7837,-22.5451,-22.8241,-17.2131,-19.6922,-19.2276,-17.7013,-25.0812,-17.6125,-16.748,-19.7769,-25.0668,-20.9705,-23.4149,-23.1717,-20.1524,-24.2367,-23.3737,-22.0983,-18.8306,-23.671,-26.0708,-24.533,-19.571,-23.4818,-19.1054,-24.3311,-17.6218,-22.9622,-22.7565,-23.3374,-22.1069,-23.3631,-23.1304,-24.455,-25.6715,-22.7184,-18.3464,-22.7033,-19.1752,-22.0902,-22.9986,-22.4633,-24.5089,-22.2531,-24.5447,-26.289,-24.899,-21.6196,-22.393,-23.6294,-20.223,-23.4612,-21.9544,-20.9565,-17.9589,-23.486,-18.3679,-21.0623,-24.9822,-24.4664,-23.9363,-24.3012,-18.9739,-22.95,-23.2402,-22.6277,-23.8774,-19.9308,-20.4275,-22.71,-22.7446,-24.2291,-21.7088,-20.977,-22.6618,-21.6545,-22.001,-21.2371,-23.5687,-21.5397,-20.7014,-20.7293,-20.5936,-21.5173,-21.7272,-20.9845,-21.2861,-22.4955,-21.3609,-20.0751,-21.2058,-23.4637,-23.6679,-19.2454,-20.5332,-27.8107,-19.769,-26.8419,-19.0454,-20.9812,-22.9342,-25.0002,-24.3732,-22.7531,-22.8132,-23.9567,-26.7455,-18.2253,-24.8894,-22.4856,-26.1354,-28.2562,-24.7427,-25.8795,-17.673,-19.9388,-24.2577,-23.5979,-20.7152,-24.4146,-22.0254,-18.1737,-26.9431,-21.4302,-19.069,-25.1861,-20.1771,-21.9512,-23.0448,-26.4763,-22.0812,-25.1179,-24.2299,-23.5392,-22.4064,-23.3726,-20.6777,-22.2463,-22.007,-22.008,-22.4126,-25.4663,-23.6934,-25.282,-22.8835,-23.589,-21.3301,-20.0297,-21.0218,-20.294,-21.9282,-24.2162,-18.1735,-27.9758,-20.4445,-18.4072,-23.5785,-20.7705,-21.473,-20.8803,-24.5923,-23.5861,-25.4401,-26.1844,-21.7923,-25.7866,-21.5923,-17.4627,-23.0177,-23.9306,-25.6821,-24.0511,-22.6425,-26.2694,-26.5492,-27.0405,-23.6054,-26.5773,-24.6691,-23.1353,-21.9668,-25.4678,-22.4746,-20.8874,-22.3384,-21.381,-19.1497,-23.4995,-25.2806,-20.9243,-19.364,-22.4916,-20.8659,-23.9398,-23.0626,-23.2024,-20.8589,-23.186,-26.0159,-22.5237,-22.9505,-23.7887,-20.6884,-23.3397,-21.8915,-18.3771,-25.5587,-23.1954,-25.9585,-27.0083,-20.1449,-27.1268
-27.6207,-26.0352,-26.1025,-24.9699,-21.2111,-25.4477,-26.7319,-20.8464,-22.2704,-21.8942,-20.1225,-25.6432,-24.9744,-21.3229,-19.8674,-18.9544,-24.4113,-26.3685,-17.9838,-20.1893,-25.4774,-22.7862,-17.5008,-29.0428,-23.2864,-24.6016,-24.4145,-20.7916,-23.2724,-20.8955,-20.9055,-16.4982,-21.1959,-21.7686,-23.2864,-24.0603,-24.6466,-23.423,-21.5089,-25.8522,-20.8985,-18.9465,-25.5661,-23.6731,-22.8757,-24.727,-21.1093,-24.8127,-22.3404,-21.4731,-21.1284,-26.7181,-23.665,-28.4133,-22.2526,-21.6051,-22.5071,-23.405,-21.3775,-26.5705,-21.609,-18.6246,-20.5293,-22.0189,-24.9464,-24.1877,-21.8685,-22.1367,-21.7228,-18.659,-24.6169,-20.3947,-21.4954,-22.2218,-19.5756,-21.6576,-21.3719,-24.9741,-20.2138,-20.6508,-24.2054,-24.0992,-26.2017,-20.2682,-18.1458,-25.6131,-25.7021,-29.0722,-20.784,-21.5244,-23.0294,-24.5252,-20.3543,-25.7655,-19.6031,-23.3858,-18.3794,-28.8177,-28.0754,-19.2066,-27.3386,-19.2128,-27.998,-23.3368,-19.7959,-24.3214,-22.8635,-20.1081,-19.8108,-25.5788,-25.2078,-19.0301,-27.849,-23.8325,-21.6188,-20.7901,-23.0464,-22.8501,-24.8859,-27.1456,-24.1947,-25.2669,-22.6781,-24.0098,-25.0322,-27.1631,-25.8283,-22.2839,-24.9368,-27.3905,-19.7891,-26.7105,-22.5163,-23.2561,-24.6999,-25.4621,-27.3991,-24.7185,-23.344,-22.8437,-24.1034,-26.7892,-26.193,-25.0075,-24.8037,-22.2098,-21.8183,-18.8818,-23.0378,-20.7827,-23.2532,-23.8993,-26.5616,-28.2234,-23.2358,-21.4083,-20.6454,-23.0619,-24.7973,-25.4675,-26.2732,-21.7643,-23.7797,-23.7271,-22.0189,-22.5138,-24.966,-20.3579,-22.5705,-24.6106,-19.522,-21.7249,-21.0185,-21.0735,-19.0709,-24.5512,-23.8325,-25.6788,-21.9524,-20.8271,-23.9107,-26.8149,-24.7392,-24.901,-26.4713,-20.8712,-21.5003,-26.5715,-24.2748,-18.212,-22.8762,-24.7163,-28.9979,-21.5807,-20.4074,-24.6351,-29.461,-23.6159,-22.3783,-18.7144,-25.8969,-29.9713,-21.9617,-23.9162,-26.4522,-24.5827,-25.241,-23.2402,-22.1393,-24.3637,-26.4834,-23.6207,-26.9705,-24.387,-27.5102,-28.4404,-23.1603,-19.2894,-23.696,-24.2529,-26.1304,-28.6998,-26.3126,-28.6095,-26.4975,-25.6741,-26.9879,-25.9365,-26.6619,-24.7609,-24.3975,-23.9005,-22.1232,-26.2973,-21.7927,-25.3877,-26.0743,-23.0571,-25.2462,-19.7187,-21.9074,-25.7167,-24.459,-22.5792,-20.131,-26.4568,-22.1277,-22.2625,-21.3314,-23.0428,-24.4305,-30.3549,-23.85,-20.6225,-21.7681,-25.1911,-24.2294,-20.2267,-19.0538,-22.8786,-27.0511,-21.439,-22.2027,-22.6816,-20.9008,-21.5614,-23.3571,-26.0695,-17.445,-23.5741,-24.6659,-24.598,-18.7888,-17.4024,-23.3005,-24.8238,-27.2874,-18.7389,-18.5324,-22.4521,-21.4791,-24.0349,-24.5687,-21.8883,-20.6987,-22.8498,-22.106,-24.2477,-25.6215,-24.4678,-27.7609,-19.504,-20.1955,-25.9785,-22.2583,-22.3692,-22.8646,-23.6624,-22.5722,-23.4825,-23.7424,-17.9964,-20.4265,-20.0411,-18.4399,-25.9717,-18.3804,-17.4786,-20.6177,-25.9492,-21.8523,-24.294,-24.1132,-20.8415,-25.0413,-24.2943,-23.028,-19.7209,-24.5368,-27.0091,-25.4433,-20.3036,-24.3999,-19.99,-25.2048,-18.4651,-23.8412,-23.6726,-24.2625,-22.9888,-24.2794,-23.9994,-25.4087,-26.6112,-23.7171,-19.1297,-23.6122,-20.0376,-23.1012,-23.8857,-23.1867,-25.4965,-23.0615,-25.439,-27.2882,-25.8669,-22.4759,-23.173,-24.6225,-21.1763,-24.4108,-22.8148,-21.7146,-18.7178,-24.438,-19.1983,-22.0359,-25.9134,-25.444,-24.8779,-25.2827,-19.8096,-23.924,-24.1499,-23.5482,-24.8173,-20.8299,-21.3208,-23.5487,-23.6623,-25.1738,-22.5345,-21.8737,-23.511,-22.57,-22.866,-22.0866,-24.4746,-22.4005,-21.5156,-21.6168,-21.3874,-22.3988,-22.6617,-21.9022,-22.1509,-23.3403,-22.2296,-20.9138,-22.0536,-24.4451,-24.8326,-20.1263,-21.3755,-28.7966,-20.574,-27.8892,-19.8733,-21.7951,-23.8355,-25.9847,-25.3995,-23.7238,-23.7552,-24.8838,-27.6397,-19.0191,-25.83,-23.4393,-27.0791,-29.2401,-25.7065,-26.8411,-18.4977,-20.856,-25.1245,-24.6102,-21.6472,-25.3087,-22.9962,-19.0017,-27.9432,-22.3785,-19.9269,-26.1499,-21.1017,-22.884,-23.9866,-27.5102,-23.047,-26.0126,-25.2101,-24.4592,-23.405,-24.2954,-21.5694,-23.1614,-22.92,-22.8715,-23.2451,-26.3679,-24.5447,-26.1972,-23.7362,-24.5399,-22.2011,-20.9036,-21.9193,-21.1608,-22.9216,-25.0943,-18.9893,-28.9785,-21.2964,-19.1957,-24.437,-21.6062,-22.3309,-21.7228,-25.5817,-24.4543,-26.4529,-27.1857,-22.6509,-26.8084,-22.5497,-18.2869,-24.0322,-24.7549,-26.6622,-24.9474,-23.7206,-27.1925,-27.5805,-28.0211,-24.529,-27.5777,-25.6283,-24.119,-22.8068,-26.3652,-23.4739,-21.8173,-23.306,-22.2675,-19.9833,-24.4183,-26.2839,-21.847,-20.1985,-23.3433,-21.7768,-24.7977,-23.9934,-24.2184,-21.7492,-24.0182,-26.942,-23.3466,-23.7381,-24.7022,-21.5545,-24.2634,-22.7815,-19.2349,-26.537,-24.0514,-26.9963,-27.9792,-20.9834,-28.1105
-2.8276,-1.117,-0.0472,0.3488,-1.0191,2.5964,1.4056,3.0245,-0.0997,-0.7484,1.6435,-3.3078,-3.468,1.5824,2.5213,-0.4424,-1.8314,-3.1612,-0.7854,0.6212,-3.2396,1.7212,-0.6365,2.2411,-0.2783,0.1194,1.6657,-2.433,-1.332,-2.0647,0.3805,-1.8491,-2.0344,-0.3612,-3.1416,1.6588,2.6746,-1.5708,-0.4636,-3.2323,-1.7931,-0.9397,-1.0546,1.2788,-3.4633,-2.2489,0.7497,-2.7241,-1.4584,0.3088,-2.1331,1.593,-3.4033,1.2925,-2.3259,2.2473,0.1537,-0.6389,2.1162,-1.1389,0.5726,-1.8338,-1.8629,-1.9307,0.2929,-0.2621,0.9724,2.2035,-1.2718,0.4959,2.5536,2.6224,-0.1163,-1.7819,-3.4302,2.5743,1.7933,2.3259,-0.3543,-1.0324,-0.8386,1.6212,-2.3248,0.2477,1.2627,-1.9138,-2.4588,1.2948,-0.0217,-1.8131,1.117,1.9242,-3.4719,-3.0011,-1.7331,2.4399,-2.9047,-2.0533,-3.067,2.0391,-1.409,2.6254,-1.3464,-0.1291,2.4954,1.7873,-0.2985,1.3478,1.1807,-1.0363,0.967,-3.4235,-1.5042,1.6861,-2.4456,-2.4833,2.2711,2.2391,2.2717,-0.8176,-2.5629,-1.4329,-1.0967,2.0019,0.1222,-1.7448,-0.5308,1.6467,0.9416,-2.4323,-1.6857,2.308,-3.4361,-3.062,-1.7359,-0.7786,-1.4337,0.3371,2.1933,1.6857,2.6712,0.4895,-3.2169,0.3116,2.3334,-1.557,-3.134,2.224,2.3259,0.3572,0.6565,2.6241,-2.4981,-2.5382,-2.4062,1.3961,-1.5297,1.4711,-2.1763,2.0615,2.6092,-2.9113,-1.1607,0.0684,0.4511,-1.9009,-1.5879,1.9599,-0.4057,-3.5592,-0.891,-1.3773,-1.8019,-2.3682,-3.2302,-0.4049,1.495,-2.0317,-2.17,-2.2554,-0.5633,1.4165,-0.2751,-2.2806,-2.8966,1.8942,0.255,-3.0549,-1.7616,-1.485,-0.2174,-2.9442,-3.3416,-2.0795,-1.7282,0.1474,-3.3953,-1.4271,-2.3142,0.2224,-2.6779,-3.0148,0.979,0.4074,-1.3493,0.0067,2.234,-3.2914,1.9552,1.6467,1.2402,1.3796,0.588,-0.5162,1.4181,2.5797,2.127,2.2351,2.2081,-2.2301,-0.0207,0.4285,-2.757,-3.0336,-3.1416,-2.2224,-2.7416,0.1312,-1.8665,0.5984,0.467,-0.2735,2.4711,2.5536,-3.4185,0.5306,-2.0924,2.3709,-2.6168,-2.6296,-2.6695,-1.2382,-1.5133,2.6135,2.6135,-0.957,2.2695,2.0195,-3.4177,1.9958,-0.4408,0.4972,-3.4362,1.5905,1.8318,1.9164,-1.8623,-1.5359,-3.3067,-0.7854,1.9166,0.7188,-2.4497,-1.1678,1.612,0.5626,0.3218,-0.4342,-2.9937,-1.5208,-0.2864,-2.8198,1.2793,1.512,-3.0309,-1.8028,-2.346,2.4038,-3.1416,2.2531,1.9956,2.7113,-0.0742,-1.5168,-1.158,-1.21,-1.3654,2.4616,-0.8989,0.9917,-2.6846,1.0769,2.2391,-1.2278,-1.6026,-1.7682,0.5042,-0.8761,0.4049,-1.0226,-3.0648,-1.1978,0.588,2.5536,-3.2184,-0.9595,0.0615,-2.8364,-1.4509,-3.3126,0.1695,-0.7305,2.6287,-0.447,-2.7566,-2.9456,2.2455,-1.6013,0.4357,1.9327,-0.0768,0.6138,-2.7206,-1.743,-3.4199,-1.1825,-2.4766,-3.2296,-1.8737,0.1974,-3.2271,-1.9013,0.4537,-2.3224,2.3217,1.3711,-0.5221,1.7595,-3.2293,1.2998,-2.137,-0.0537,-1.4974,-1.8644,-1.4637,-0.3059,-0.4547,-2.3932,0.7568,-3.2699,1.6712,-0.9412,-0.2985,2.5069,0.5016,2.2318,-2.8604,1.5254,-2.6452,-2.7773,-2.8431,-1.0062,-1.249,0.649,0.4461,0.2888,-2.1786,0.7568,-2.4559,-0.7283,-1.6062,-1.6557,1.3734,-1.8491,0.1107,-1.9017,-1.8581,1.9577,2.4837,2.1588,-2.2878,-2.4062,-2.3514,-2.7394,1.9238,0.3059,-1.8526,1.3024,1.9956,-0.7374,-0.9585,-3.3475,1.0517,0.1651,0.5648,0.6794,-3.5369,1.1703,-0.3367,-2.6855,-3.1761,-2.4275,1.0363,1.0889,1.1955,-2.3137,-1.3431,2.0693,-1.5292,-1.3645,-2.0514,0.3144,-1.8127,-3.4709,-3.0765,-1.3356,-1.9112,-3.5299,-1.9233,2.0344,2.4691,1.5883,-0.2573,0.4461,2.4442,-3.0233,-3.2731,0.6714,-2.536,0.0877,-1.8623,0.9151,-0.0147,-3.3204,0.4778,2.4859,1.7446,1.2653,-2.8643,1.8061,0.2634,1.5477,0.8171,2.0444,-3.1289,-1.8473,-1.6421,-0.9865,-1.5592,0.3321,-2.0839,2.6884,-2.5815,0.6093,1.8509,-1.9481,0.245,1.2178,0.7746,0.5914,-2.0498,0.021,-0.9533,-0.4836,-0.5207,-3.3298,-3.2142,2.0547,-2.3982,-0.5437,-1.4333,-2.7828,-1.8985,-0.1711,-2.0886,0.1471,-0.9635,-0.2783,-3.5635,0.155,1.3938,-0.6843,-1.4988,-0.8317,-0.1526,2.5244,-0.3948,-0.0997,-3.2927,-1.2387,-1.6673,1.7497,-2.4456,-3.2225,-1.6002,-2.0382,-1.8475,-3.4576,2.1933,0.7548,-2.0044,0.0522,-0.9589,-0.565,1.8951,-0.7675,-1.6256,-1.1755,-2.55,0.1084,-1.9963
-3.6741,-1.9968,-0.9746,0.1419,-1.4537,1.7088,0.9025,2.6779,-0.7266,-1.3986,0.8037,-4.1396,-4.2834,0.7135,1.7051,-0.9908,-2.5536,-4.0701,-1.512,-0.2542,-4.1244,0.7438,-1.603,1.2533,-1.1071,-0.7419,0.6805,-3.2247,-2.2318,-2.8335,-0.1171,-2.5128,-2.9148,-1.2596,-4.515,0.8412,1.7864,-2.9442,-3.6052,-3.3866,-2.6351,-1.5708,-1.8094,0.4483,-4.1457,-2.964,0.0555,-3.5874,-2.2753,-0.5459,-2.9442,0.7202,-4.2264,0.4266,-2.9709,1.4464,-0.6187,-1.3695,1.3309,-1.998,-0.1739,-2.6024,-2.6995,-2.7243,-0.5736,-1.0475,0.225,1.3777,-2.0707,-0.1786,1.7537,1.8698,-0.9134,-2.5045,-4.1394,1.7864,1.0235,1.3909,-1.102,-1.7811,-1.7426,0.8482,-3.2254,-0.5243,0.5457,-2.8,-3.3275,0.3923,-0.8208,-2.5536,0.2975,1.143,-4.2719,-3.8009,-2.4643,1.5447,-3.6664,-2.9665,-3.927,1.3186,-2.3112,1.8925,-2.2424,-0.9185,1.7565,0.9197,-1.0391,0.6396,0.3985,-1.8925,0.0831,-4.1917,-2.446,0.8501,-3.1786,-3.1722,1.4174,1.5223,1.4169,-1.6885,-3.4393,-2.2627,-1.9544,1.1045,-0.7537,-2.6131,-1.3893,0.8442,0.0213,-3.3086,-2.4074,1.425,-4.1614,-3.9853,-2.4733,-1.5802,-2.3413,-0.5008,1.3481,0.8511,1.8671,-0.3239,-4.0424,-0.4878,1.4902,-2.2839,-4.0101,1.4688,1.4677,-0.3958,-0.2136,1.7921,-3.3415,-3.4401,-3.256,0.588,-2.3198,0.7266,-3.054,1.206,1.6999,-3.6831,-1.9489,-0.8205,-0.4117,-2.6818,-2.4951,1.1227,-1.3106,-4.4102,-1.6637,-2.2194,-2.5875,-3.2172,-3.9548,-1.1833,0.7159,-2.8779,-2.8923,-2.9294,-1.3782,0.5404,-1.0999,-3.085,-3.7391,1.0612,-0.5302,-3.8933,-2.5521,-2.2122,-1.0435,-3.6649,-4.3027,-2.882,-2.4711,-0.7918,-4.3636,-2.2731,-3.0981,-0.5112,-3.5439,-3.9772,0.1683,-0.4907,-2.2687,-0.9041,1.3276,-4.1824,1.1851,0.7925,0.3024,0.5897,-0.2783,-1.4362,0.551,1.6491,1.2373,1.4775,1.3131,-2.9918,-0.9483,-0.4449,-3.6802,-3.927,-4.0675,-3.1172,-3.6118,-0.7716,-2.7132,-0.1839,-0.4058,-1.1102,1.6162,1.6795,-4.2529,-0.2549,-2.8966,1.5504,-3.4667,-3.4457,-3.4475,-2.0553,-2.3178,1.7256,1.8603,-1.779,1.4877,1.2288,-4.1017,1.1868,-1.176,-0.4492,-4.2831,0.7352,0.962,1.2397,-2.7069,-2.3602,-3.7671,-1.6615,1.0524,0.0357,-3.2214,-2.0314,0.8469,-0.2873,-0.4073,-1.4262,-3.6789,-2.1408,-1.2186,-3.2835,0.6202,1.0041,-3.682,-2.7138,-3.3221,1.7384,-3.9535,1.5554,1.3542,1.8792,-1.046,-2.1763,-1.9319,-1.8976,-2.0344,1.7145,-1.7981,0.1651,-3.6149,0.4101,1.6296,-1.8788,-2.3868,-1.7127,-0.3903,-1.6917,-0.6747,-1.8945,-4.2942,-2.2938,-0.2292,1.759,-3.9886,-1.7867,-0.6769,-3.5574,-2.3156,-4.1529,-0.6336,-1.5937,1.7406,-1.2331,-3.6086,-3.7595,1.3657,-2.4385,-0.4254,1.0563,-0.9435,-0.0333,-3.5414,-2.5637,-4.2772,-1.9571,-3.2847,-3.9936,-2.6779,-0.5841,-4.0362,-2.7402,-0.5064,-3.2387,1.4641,0.6904,-1.3005,1.0212,-4.1068,0.5476,-2.8753,-0.9252,-2.2664,-2.7284,-2.349,-1.2209,-1.2245,-3.1416,-0.1419,-4.1017,0.7563,-1.7079,-1.0499,1.7779,-0.378,1.5986,-3.7467,0.9025,-3.3953,-3.6687,-3.5465,-1.5438,-2.0852,-0.2243,-0.2537,-0.5899,-3.1416,0.0,-2.9229,-1.5579,-2.4658,-2.4425,0.6987,-2.2391,-0.4266,-2.7087,-2.6199,0.9965,1.5872,1.3294,-3.281,-3.2626,-3.1416,-3.5073,0.7854,-0.6588,-2.8667,0.2861,1.1071,-1.5254,-1.7399,-4.2783,0.4182,0.0997,-0.3573,0.05,-4.43,0.3733,-1.0442,-3.439,-4.0156,-3.3782,0.1391,0.273,0.2921,-3.1919,-2.0444,1.2264,-2.3655,-2.2478,-2.9846,-0.5921,-2.6566,-4.2042,-3.8905,-2.1715,-2.8169,-4.356,-2.7018,1.1843,1.7578,0.7032,-1.0913,-0.3666,1.5708,-3.8351,-4.1653,-0.155,-3.5221,-0.7782,-2.6552,0.0392,-0.8539,-4.1585,-0.3721,1.6682,0.8916,0.445,-3.6706,1.0649,-0.488,0.77,-0.0108,1.2723,-3.9178,-2.6299,-2.4263,-1.8158,-2.3101,-0.6039,-2.838,1.965,-3.4892,-0.1566,1.1513,-2.7345,-0.4375,0.4502,0.0422,-0.337,-2.8456,-0.8633,-1.8076,-1.2412,-1.4158,-4.2258,-3.9476,1.1629,-3.1305,-1.4494,-2.2548,-3.6487,-2.7644,-1.0921,-2.9627,-0.6481,-1.8946,-1.0569,-4.4774,-0.5841,0.5838,-1.5708,-2.284,-1.7206,-0.8828,1.7495,-1.2183,-0.9545,-4.1505,-1.9296,-2.3852,0.9743,-3.2263,-4.0759,-2.5,-2.8407,-2.6189,-4.2565,1.3994,0.0238,-2.7762,-0.7023,-1.7819,-1.3347,1.1494,-1.6808,-2.4092,-2.1146,-3.4396,-0.6569,-2.8904
-4.5373,-2.8575,-1.904,-0.3985,-1.9438,0.7805,0.204,2.4733,-1.4425,-2.0491,0.0372,-4.9833,-5.089,-0.1587,1.0839,-1.5363,-3.089,-4.977,-2.3562,-1.1105,-5.0143,-0.2663,-2.4926,0.2774,-1.989,-1.6208,-0.2311,-4.0992,-3.1337,-3.6884,-0.7568,-3.2835,-3.927,-2.1514,-5.3681,0.0214,0.8939,-5.3326,-4.8121,-2.6779,-3.4753,-2.1731,-2.6079,-0.3869,-4.871,-3.6872,-0.5155,-4.445,-3.082,-1.4134,-3.7353,-0.1399,-4.9164,-0.1822,-3.5923,0.6515,-1.4035,-2.0729,0.5404,-2.8559,-0.9012,-3.3798,-3.5271,-3.4865,-1.4033,-1.8158,-0.4993,0.5678,-2.8495,-0.8607,0.9474,1.1071,-1.7439,-3.2489,-4.8187,0.9732,0.261,0.4697,-1.875,-2.5334,-2.6353,0.1073,-4.145,-1.2993,-0.1955,-3.6959,-4.2026,-0.5619,-1.6175,-3.3052,-0.5105,0.3713,-5.0579,-4.6137,-3.1984,0.6573,-4.4172,-3.8688,-4.7659,0.618,-3.2107,1.2068,-3.1317,-1.6952,1.0101,0.0454,-1.7721,-0.0672,-0.3999,-2.7536,-0.7981,-4.9528,-3.3632,-0.04,-3.9007,-3.8491,0.5907,0.8117,0.5532,-2.5678,-4.3075,-3.0864,-2.8198,0.1904,-1.6433,-3.503,-2.2442,0.0505,-0.9019,-4.1889,-3.1068,0.5528,-4.833,-4.9017,-3.2214,-2.4219,-3.1906,-1.3171,0.4555,0.0454,1.0616,-1.1703,-4.8646,-1.2604,0.6315,-2.9562,-4.8858,0.7692,0.5636,-1.1634,-1.0769,0.9087,-4.1948,-4.3119,-4.1148,-0.2287,-3.1416,0.0,-3.9459,0.3625,0.799,-4.4473,-2.7375,-1.711,-1.2415,-3.4064,-3.333,0.2923,-2.1882,-5.2664,-2.435,-3.0289,-3.3881,-4.0247,-4.7124,-1.9513,-0.049,-3.6983,-3.5488,-3.6375,-2.186,-0.3423,-1.9513,-3.8902,-4.6312,0.2362,-1.3137,-4.7338,-3.3531,-2.8724,-1.8717,-4.3291,-5.2429,-3.6432,-3.2048,-1.7127,-5.3345,-3.1526,-3.8829,-1.2554,-4.4819,-4.9359,-0.6499,-1.384,-3.1663,-1.8081,0.3874,-5.0612,0.4049,-0.0582,-0.63,-0.1891,-1.1593,-2.3015,-0.3093,0.7056,0.3605,0.7554,0.4137,-3.7676,-1.8679,-1.316,-4.5818,-4.7947,-4.9945,-4.0235,-4.4536,-1.6685,-3.5795,-0.8705,-1.2739,-1.9399,0.7494,0.8347,-5.0929,-1.0384,-3.6944,0.7141,-4.3357,-4.2578,-4.2626,-2.853,-3.1078,0.8961,1.1732,-2.5679,0.6486,0.4825,-4.8523,0.3864,-1.9541,-1.4162,-5.1412,-0.0959,0.086,0.4412,-3.5364,-3.1749,-3.9825,-2.3259,0.181,-0.8288,-3.9133,-2.9032,0.1043,-1.181,-1.1681,-2.4134,-4.3009,-2.8387,-2.151,-3.5299,0.0768,0.245,-4.2487,-3.6303,-4.3028,1.0608,-4.7436,0.9031,0.7465,1.1071,-2.0141,-2.8651,-2.7418,-2.5909,-2.6929,0.9444,-2.713,-0.679,-4.5674,-0.2321,0.912,-2.6224,-3.185,-1.5708,-1.2989,-2.5744,-1.6162,-2.7886,-5.4146,-3.3708,-0.9003,1.0191,-4.7285,-2.6086,-1.4464,-4.2792,-3.2074,-4.9952,-1.4514,-2.4527,0.836,-2.0155,-4.4414,-4.5724,0.4809,-3.2825,-1.2743,0.19,-1.7179,-0.7339,-4.3845,-3.3516,-5.0694,-2.7438,-4.1017,-4.7399,-3.4271,-1.3412,-4.8472,-3.5937,-1.5079,-4.1491,0.6296,0.022,-2.0553,0.2985,-4.973,-0.2154,-3.6261,-1.7826,-3.0392,-3.5711,-3.2129,-2.135,-1.9693,-3.8827,-0.9995,-4.8996,-0.1496,-2.413,-1.7872,1.0387,-1.2512,1.0391,-4.6591,0.3456,-4.1152,-4.5651,-4.2487,-2.1855,-2.8923,-1.0699,-0.8086,-1.4666,-3.7296,-0.245,-2.6779,-2.3786,-3.322,-3.2077,0.0294,-2.8069,-0.8622,-3.5035,-3.3898,0.05,0.6528,0.4383,-4.1774,-4.1152,-3.9406,-4.2781,-0.2749,-1.6657,-3.8335,-0.7419,0.2709,-2.3516,-2.5124,-5.2079,2.3562,-0.1747,-1.2823,-0.5586,-5.3464,-0.4293,-1.7359,-4.2299,-4.8705,-4.3331,-0.7436,-0.5989,-0.6225,-4.0618,-2.7551,0.3879,-3.1922,-3.1345,-3.9369,-1.4913,-3.4815,-4.9139,-4.7124,-2.9997,-3.671,-5.1849,-3.46,0.3423,1.0437,-0.1853,-1.9138,-1.1726,0.6995,-4.676,-5.0484,-0.9716,-4.4494,-1.658,-3.4695,-0.8254,-1.6935,-5.0444,-1.2208,0.8435,0.028,-0.3906,-4.4643,0.2808,-1.2716,0.0072,-0.8008,0.5317,-4.774,-3.4059,-3.2134,-2.6289,-3.0792,-1.5208,-3.6154,1.2675,-4.3342,-0.9113,0.4688,-3.5211,-1.1317,-0.3353,-0.683,-1.2378,-3.6415,-1.7197,-2.6431,-1.9909,-2.312,-5.1054,-4.6837,0.2924,-3.8419,-2.3519,-3.0585,-4.5216,-3.6323,-2.0001,-3.8324,-1.4337,-2.8095,-1.8968,-5.3924,-1.3191,-0.2211,-2.4319,-3.0661,-2.6064,-1.6245,0.9793,-2.001,-1.7802,-5.0104,-2.6195,-3.0717,0.1389,-3.9927,-4.9405,-3.4028,-3.6557,-3.3963,-5.0771,0.6071,-0.7266,-3.5723,-1.4762,-2.612,-2.1239,0.4111,-2.5875,-3.1939,-3.0055,-4.3354,-1.4135,-3.8076
-5.4249,-3.7333,-2.851,-1.1771,-2.6377,-0.1257,-0.5538,1.7251,-2.2039,-2.8307,-0.8197,-5.8432,-5.9231,-1.0325,0.4728,-1.9254,-3.627,-5.9274,-0.8187,-1.924,-5.9256,-1.2727,-3.3796,-0.7191,-2.7867,-2.5733,-1.1813,-4.9988,-4.049,-4.4953,-1.4992,-4.0161,-4.8455,-3.0645,-6.3049,-0.8011,-0.0038,-6.7893,-5.7102,-3.0323,-4.3181,-2.4115,-3.3714,-1.2407,-5.6081,-4.3073,-1.1062,-5.3204,-3.9219,-2.279,-4.5941,-1.027,-5.6632,-1.149,-4.328,-0.1778,-2.1914,-2.8309,-0.2631,-3.7308,-1.6644,-4.1665,-4.3753,-4.2974,-2.2707,-2.6322,-1.2466,-0.2762,-3.6499,-1.61,0.1281,0.3312,-2.5789,-4.0071,-5.5259,0.1639,-0.518,-0.4663,-2.6488,-3.3109,-3.5463,-0.6955,-5.0809,-2.1107,-0.9622,-4.6086,-5.0986,-1.4908,-2.4258,-4.0694,-1.3587,-0.4464,-5.8281,-5.3783,-3.9316,-0.2358,-5.2051,-4.83,-5.6427,-0.1282,-4.1266,0.4662,-4.0318,-2.5035,0.2423,-0.8568,-2.5419,-0.8099,-1.219,-3.6141,-1.6953,-5.755,-4.3222,-0.897,-4.638,-4.5559,-0.2744,0.0395,-0.3214,-3.4605,-5.1963,-3.9548,-3.6934,-0.7408,-2.5383,-4.4269,-3.1146,-0.7731,-1.8457,-5.1021,-3.8416,-0.3461,-5.6096,-5.8354,-3.9919,-3.2645,-4.1073,-2.1745,-0.4119,-0.7984,0.2304,-2.0234,-5.7165,-2.0909,-0.2402,-3.6862,-5.7978,0.0107,-0.3377,-1.9479,-1.9892,0.0398,-5.066,-5.2203,-4.9893,-1.0697,-3.9416,-0.7539,-4.8606,-0.5086,-0.1283,-5.2439,-3.5365,-2.5972,-2.119,-4.1902,-4.1864,-0.5688,-3.1073,-6.1409,-3.2288,-3.8899,-4.1951,-4.8823,-5.4549,-2.7837,-0.8519,-4.5523,-4.3137,-4.3371,-3.028,-1.2501,-2.8781,-4.718,-5.554,-0.6076,-2.1146,-5.5911,-4.1671,-3.5902,-2.7198,-5.1322,-6.182,-4.4579,-4.0038,-2.643,-6.3341,-4.0504,-4.6943,-2.0186,-5.3649,-5.9132,-1.5132,-2.2942,-4.1076,-2.737,-0.5696,-5.9879,-0.3399,-0.9527,-1.5871,-0.9896,-2.0257,-3.26,-1.2066,-0.2381,-0.5395,-0.0021,-0.4996,-4.5563,-2.8055,-2.2146,-5.5009,-5.6875,-5.9372,-4.934,-5.3168,-2.5896,-4.4505,-1.6729,-2.1576,-2.7905,-0.1233,-0.0536,-5.9553,-1.8501,-4.5178,-0.092,-5.2026,-5.104,-5.1151,-3.6659,-3.9402,0.0184,0.401,-3.4715,-0.1728,-0.3661,-5.7161,-0.4303,-2.7558,-2.3928,-5.982,-0.925,-0.8025,-0.3672,-4.4251,-4.0083,-4.6061,-3.2194,-0.7043,-1.6567,-4.6452,-3.7921,-0.676,-2.0724,-1.9635,-3.4192,-4.9691,-3.5561,-3.1257,-4.1438,0.0,0.2318,-4.4737,-4.5755,-5.2742,0.3886,-5.576,0.2157,0.0566,0.2495,-2.9954,-3.5242,-3.556,-3.322,-3.3608,0.171,-3.6273,-1.5404,-5.5061,-0.878,0.1819,-3.4696,-3.9951,-2.2852,-2.2014,-3.4383,-2.5469,-3.6972,-6.4776,-4.3216,-1.739,0.1728,-5.5116,-3.4539,-2.2174,-5.0015,-4.0674,-5.8572,-2.2778,-3.3307,-0.0913,-2.8075,-5.3257,-5.4158,-0.406,-4.1416,-2.1674,-0.6883,-2.6341,-1.4871,-5.2571,-4.2052,-5.908,-3.5515,-4.9394,-5.5569,-4.3335,-2.1244,-5.7098,-4.4618,-2.4752,-5.091,-0.2529,-0.682,-2.8213,-0.4384,-5.8707,-0.9662,-4.4084,-2.6535,-3.8353,-4.4389,-4.1254,-3.0677,-2.7428,-4.6447,-1.8571,-5.7387,-1.0959,-3.1798,-2.5497,0.2661,-2.1456,0.3917,-5.5707,-0.3419,-4.9064,-5.4732,-5.0657,-2.7971,-3.7279,-1.9606,-1.4744,-2.3493,-2.9923,-0.4684,-2.8406,-3.214,-4.202,-4.0088,-0.6676,-3.3692,-0.8841,-4.3305,-4.1841,-0.9094,-0.2721,-0.4521,-5.1519,-4.9914,-4.7404,-5.0671,-1.3169,-2.6922,-4.794,-1.9377,-0.753,-3.2101,-3.3108,-6.1691,1.339,-0.9385,-2.2301,-1.2718,-6.3136,-1.2558,-2.5259,-5.0634,-5.7341,-5.295,-1.6595,-1.417,-1.5377,-4.9494,-3.493,-0.4599,-4.0587,-4.0399,-4.9077,-2.4268,-4.3702,-5.6659,-5.542,-3.8526,-4.573,-6.0372,-4.2441,-0.5349,0.3438,-1.0694,-2.7568,-2.0184,-0.1831,-5.5132,-5.9661,-1.8123,-5.4013,-2.5413,-4.3089,-1.7261,-2.5584,-5.9333,-2.0928,0.0224,-0.8653,-1.2512,-5.2937,-0.4922,-2.0786,-0.7884,-1.6333,-0.2651,-5.5862,-4.1889,-4.0108,-3.4674,-3.8617,-2.4036,-4.3944,0.4698,-5.2138,-1.7053,-0.2072,-4.3507,-1.8617,-1.1252,-1.4345,-2.1742,-4.4125,-2.6178,-3.5115,-2.7594,-3.2367,-6.008,-5.4299,-0.5767,-4.5993,-3.2609,-3.8842,-5.4482,-4.5067,-2.9482,-4.7062,-2.2734,-3.7466,-2.7293,-6.3157,-2.0517,-1.0797,-3.3112,-3.8885,-3.501,-2.3842,0.1708,-2.8132,-2.6697,-5.8971,-3.3168,-3.7948,-0.6557,-4.7694,-5.773,-4.3285,-4.4695,-4.1953,-5.9338,-0.2141,-1.5026,-4.391,-2.2424,-3.4494,-2.9178,-0.3527,-3.5339,-4.0043,-3.9536,-5.2495,-2.1664,-4.7339
-6.2832,-4.5994,-3.7731,-1.8296,-3.3192,-1.0084,-1.2987,1.0825,-3.0146,-3.5949,-1.6241,-6.6775,-6.7307,-1.8889,0.1031,-2.1963,-3.927,-6.8357,0.0,-2.7218,-6.8223,-2.3054,-4.239,-1.6918,-3.5877,-3.4009,-2.1146,-5.8492,-4.9362,-5.3326,-2.1588,-4.7124,-5.6952,-3.9556,-7.2337,-1.613,-0.8796,-7.6953,-6.567,-3.7851,-5.139,-2.2455,-4.0038,-2.058,-5.7428,-4.7558,-1.6002,-6.1681,-4.7278,-3.1016,-5.3995,-1.8835,-6.3331,-1.8925,-5.0341,-0.967,-2.9594,-3.5408,-1.0422,-4.5695,-2.3887,-4.9195,-5.2003,-5.0627,-3.1124,-3.3941,-1.9757,-1.1005,-4.4275,-2.2738,-0.6768,-0.4162,-3.3883,-4.7259,-6.1859,-0.6194,-1.2639,-1.3842,-3.4213,-4.0613,-4.4692,-1.4483,-5.9971,-2.892,-1.6917,-5.5045,-5.97,-2.3944,-3.2051,-4.803,-2.1781,-1.2129,-6.6049,-6.1372,-4.6388,-1.0879,-5.9531,-5.7597,-6.4893,-0.8343,-5.0221,-0.2343,-4.9174,-3.2763,-0.4907,-1.7179,-3.2807,-1.5067,-1.9649,-4.4642,-2.583,-6.5157,-5.254,-1.7295,-5.3486,-5.2363,-1.1155,-0.6777,-1.1723,-4.341,-6.0645,-4.7816,-4.5377,-1.6386,-3.4159,-5.3086,-3.964,-1.5807,-2.7507,-5.9728,-4.5472,-1.21,-6.351,-6.7496,-4.7318,-4.049,-4.9769,-3.0073,-1.2579,-1.6171,-0.5667,-2.853,-6.5478,-2.8743,-1.0798,-4.3838,-6.6718,-0.7137,-1.2137,-2.7128,-2.8561,-0.8162,-5.9113,-6.0885,-5.8277,-1.8822,-4.7351,-1.486,-5.7487,-1.345,-1.0157,-6.0112,-4.3126,-3.4501,-2.9442,-4.9574,-5.0817,-1.3814,-3.9954,-6.9966,-3.9954,-4.6994,-4.9759,-5.7155,-6.1725,-3.5989,-1.6162,-5.3794,-5.0387,-5.0176,-3.8347,-2.1349,-3.6621,-5.5172,-6.4035,-1.4444,-2.8979,-6.4146,-4.9616,-4.2706,-3.5382,-5.8597,-7.0984,-5.2268,-4.7589,-3.5555,-7.2793,-4.8895,-5.491,-2.7417,-6.2549,-6.8767,-2.3287,-3.1784,-5.0183,-3.6493,-1.4907,-6.8735,-1.0817,-1.8314,-2.5157,-1.7633,-2.9835,-4.172,-2.0724,-1.1671,-1.4104,-0.7349,-1.3854,-5.3183,-3.7222,-3.0949,-6.4041,-6.5469,-6.8515,-5.8338,-6.1678,-3.4739,-5.3004,-2.433,-3.011,-3.6235,-0.9702,-0.9039,-6.7727,-2.6233,-5.3076,-0.8946,-6.0309,-5.9039,-5.9344,-4.445,-4.7327,-0.839,-0.3569,-4.2993,-0.9591,-1.1607,-6.463,-1.2304,-3.5374,-3.3545,-6.8411,-1.7137,-1.6763,-1.1233,-5.3057,-4.823,-5.2097,-4.1244,-1.5643,-2.5066,-5.3387,-4.6724,-1.4342,-2.947,-2.705,-4.4162,-5.6196,-4.2412,-4.0474,-4.7578,-0.0831,1.2925,-4.5597,-5.4978,-6.241,-0.2861,-6.3946,-0.445,-0.5734,-0.5656,-3.9692,-4.2231,-4.3405,-4.0334,-4.0214,-0.5974,-4.5162,-2.365,-6.4272,-1.5261,-0.5504,-4.28,-4.8025,-3.0349,-3.0919,-4.2887,-3.3866,-4.5857,-7.4978,-5.176,-2.5099,-0.588,-6.2562,-4.2574,-2.9662,-5.6952,-4.9354,-6.7098,-3.0944,-4.1876,-0.9948,-3.554,-6.1541,-6.2288,-1.283,-4.9804,-3.0114,-1.5517,-3.5076,-2.1482,-6.1062,-5.0384,-6.7098,-4.3375,-5.7699,-6.3372,-5.1682,-2.8732,-6.5047,-5.2821,-3.4078,-5.9942,-1.1225,-1.3231,-3.5748,-1.1354,-6.7468,-1.6978,-5.1429,-3.4839,-4.6025,-5.2791,-4.9921,-3.9891,-3.4787,-5.3839,-2.7106,-6.5438,-2.0066,-3.9018,-3.2746,-0.4699,-3.0055,-0.1974,-6.4539,-1.035,-5.7299,-6.362,-5.8915,-3.433,-4.5499,-2.8074,-2.1656,-3.2091,-2.3562,-0.8224,-3.4748,-4.0235,-5.0532,-4.7799,-1.3597,-3.9686,-1.1479,-5.1279,-4.959,-1.8828,-1.1568,-1.2769,-6.0885,-5.8405,-5.5253,-5.8225,-2.3392,-3.6859,-5.7524,-3.1059,-1.7943,-4.0294,-4.0836,-7.1072,0.6823,-1.6643,-3.1543,-1.9316,-7.2265,-2.0463,-3.1884,-5.8597,-6.5615,-6.2418,-2.5591,-2.2455,-2.4292,-5.8227,-4.1828,-1.2842,-4.8969,-4.9349,-5.8571,-3.3163,-5.1904,-6.3638,-6.3524,-4.6756,-5.4452,-6.8492,-5.0048,-1.359,-0.3414,-1.9432,-3.591,-2.8198,-1.0335,-6.3282,-6.8545,-2.6114,-6.301,-3.4063,-5.1035,-2.5965,-3.4013,-6.7893,-2.9457,-0.7854,-1.7325,-2.0799,-6.0845,-1.2431,-2.8327,-1.5636,-2.4637,-1.0101,-6.3938,-4.9441,-4.7578,-4.2777,-4.5905,-3.3242,-5.1372,-0.2865,-6.0788,-2.4559,-0.9137,-5.1497,-2.5673,-1.8925,-2.1688,-3.0799,-5.1637,-3.4759,-4.3701,-3.4914,-4.1244,-6.8825,-6.1514,-1.4074,-5.3213,-4.1656,-4.694,-6.349,-5.3571,-3.8457,-5.5624,-3.0631,-4.6458,-3.5611,-7.2212,-2.7635,-1.9164,-4.167,-4.6697,-4.3867,-3.1307,-0.6076,-3.5802,-3.5176,-6.7411,-4.0134,-4.4749,-1.4555,-5.5109,-6.5764,-5.2242,-5.2613,-4.9734,-6.7468,-0.9955,-2.2513,-5.1648,-2.985,-4.2617,-3.7002,-1.0893,-4.4306,-4.7659,-4.8584,-6.1422,-2.9109,-5.6435
-7.1592,-5.4799,-4.6991,-2.6948,-4.0942,-1.9238,-2.1401,0.4636,-3.9048,-4.4014,-2.411,-7.511,-7.5465,-2.7553,-0.5016,-2.3832,-4.1638,-7.7571,-0.814,-3.5874,-7.7044,-3.2199,-5.0554,-2.6833,-4.3906,-4.2622,-3.0343,-6.7098,-5.8352,-6.1588,-2.8319,-5.4556,-6.5477,-4.856,-8.1413,-2.4364,-1.7573,-8.6198,-7.3783,-4.515,-5.9741,-1.9656,-4.7124,-2.8953,-4.588,-5.176,-2.2717,-7.035,-5.5549,-3.9418,-6.2155,-2.7434,-7.0335,-2.6395,-5.7923,-1.765,-3.7312,-4.2695,-1.8306,-5.4217,-3.1241,-5.6969,-6.0323,-5.861,-3.9587,-4.1766,-2.6988,-1.9212,-5.2108,-2.9549,-1.4862,-1.1651,-4.1963,-5.4819,-6.9082,-1.4324,-2.0344,-2.305,-4.19,-4.8168,-5.364,-2.1996,-6.9197,-3.6668,-2.4064,-6.4239,-6.8434,-3.3377,-3.987,-5.5629,-2.9927,-1.9897,-7.3676,-6.9368,-5.3646,-1.9767,-6.7014,-6.6775,-7.3281,-1.5266,-5.9205,-0.9483,-5.8119,-4.0666,-1.1971,-2.5984,-4.035,-2.1809,-2.7695,-5.3153,-3.451,-7.2894,-6.1835,-2.5839,-6.0765,-5.9215,-1.9588,-1.4125,-2.0272,-5.2211,-6.9358,-5.6212,-5.4071,-2.546,-4.2858,-6.1987,-4.8189,-2.3923,-3.6743,-6.8564,-5.267,-2.0832,-7.0686,-7.6683,-5.474,-4.8839,-5.804,-3.8424,-2.1277,-2.4365,-1.3681,-3.6697,-7.3803,-3.6587,-1.9257,-5.0567,-7.5507,-1.4181,-2.1006,-3.4615,-3.7494,-1.7088,-6.7494,-6.9755,-6.6881,-2.6889,-5.5776,-2.2166,-6.6299,-2.1965,-1.9296,-6.7704,-5.0961,-4.3536,-3.8066,-5.6837,-5.9328,-2.1927,-4.8907,-7.8427,-4.7644,-5.5226,-5.7612,-6.5601,-6.9293,-4.4231,-2.389,-6.1991,-5.7655,-5.7223,-4.6356,-3.0114,-4.5472,-6.3224,-7.3676,-2.2617,-3.687,-7.2517,-5.7428,-4.9311,-4.3627,-6.6356,-8.0388,-6.016,-5.4777,-4.4993,-8.2869,-5.7736,-6.2751,-3.4786,-7.1944,-7.8424,-3.1532,-4.0832,-5.931,-4.5597,-2.4025,-7.7627,-1.8431,-2.6992,-3.4655,-2.5399,-3.9358,-5.0837,-2.9299,-2.1125,-2.2974,-1.4705,-2.2865,-6.078,-4.6352,-3.9837,-7.3108,-7.4308,-7.7667,-6.7193,-7.0093,-4.3738,-6.1604,-3.1416,-3.8863,-4.451,-1.837,-1.7879,-7.6055,-3.401,-6.1107,-1.6575,-6.8995,-6.7152,-6.752,-5.264,-5.5314,-1.6921,-1.0612,-5.1296,-1.784,-1.9554,-7.2954,-2.0292,-4.3577,-4.3176,-7.6589,-2.5275,-2.5536,-1.9279,-6.1205,-5.6376,-5.9133,-4.922,-2.3942,-3.2881,-6.0382,-5.5398,-2.1457,-3.8251,-3.4475,-5.4143,-6.3064,-4.9607,-4.9928,-5.222,-0.6327,0.49,-4.8173,-6.4294,-7.1913,-0.9505,-7.1838,-1.1796,-1.212,-1.3858,-4.9317,-4.9137,-5.1265,-4.7238,-4.6886,-1.3463,-5.4216,-3.2151,-7.3903,-2.2214,-1.2671,-5.0671,-5.5789,-3.717,-3.9936,-5.1996,-4.1411,-5.4661,-8.4374,-6.0202,-3.2457,-1.4212,-7.0052,-5.1036,-3.7237,-6.4276,-5.808,-7.5618,-3.8882,-5.0712,-1.8879,-4.3507,-7.0126,-7.0473,-2.1626,-5.8111,-3.8848,-2.4196,-4.3648,-2.8462,-6.9392,-5.8967,-7.5488,-5.1319,-6.5852,-7.1247,-5.9985,-3.5914,-7.3083,-6.1346,-4.3544,-6.9061,-1.9641,-1.9919,-4.3431,-1.8491,-7.5996,-2.435,-5.8983,-4.3319,-5.3607,-6.131,-5.8877,-4.9026,-4.2255,-6.1221,-3.5477,-7.3478,-2.9203,-4.6275,-4.0112,-1.2135,-3.8722,-0.8676,-7.3661,-1.7721,-6.5058,-7.2499,-6.7398,-4.1667,-5.3934,-3.6722,-2.9148,-4.0771,-3.3316,-1.3618,-4.1512,-4.8616,-5.9126,-5.5561,-2.0964,-4.5676,-1.8925,-5.9314,-5.7397,-2.8776,-2.0701,-2.1472,-7.0144,-6.6966,-6.3116,-6.5958,-3.3912,-4.6558,-6.6525,-4.2609,-3.0916,-4.8678,-4.8784,-8.0387,-0.0907,-2.3276,-4.0778,-2.6358,-8.1706,-2.818,-3.8744,-6.6715,-7.4368,-7.1877,-3.4466,-3.1016,-3.3214,-6.6988,-4.8775,-2.1082,-5.7045,-5.8307,-6.8077,-4.2261,-6.0382,-7.093,-7.1635,-5.5208,-6.316,-7.6702,-5.7796,-2.1837,-1.0358,-2.8043,-4.4079,-3.6373,-1.8823,-7.1086,-7.7477,-3.4388,-7.2618,-4.273,-5.8935,-3.4783,-4.2352,-7.66,-3.7944,-1.6035,-2.5895,-2.9053,-6.8696,-1.9919,-3.6321,-2.3383,-3.2483,-1.7614,-7.2084,-5.7157,-5.5024,-5.1098,-5.366,-4.2313,-5.9079,-1.027,-6.9389,-3.2299,-1.5708,-5.8797,-3.2672,-2.6632,-2.8941,-3.9816,-5.9323,-4.3526,-5.2057,-4.2564,-5.045,-7.76,-6.886,-2.3116,-6.0516,-5.0724,-5.4939,-7.2455,-6.2443,-4.7669,-6.4412,-3.8865,-5.5644,-4.3874,-8.1431,-3.4904,-2.7437,-5.0526,-5.4659,-5.2633,-3.8658,-1.3812,-4.3694,-4.32,-7.5978,-4.7545,-5.1878,-2.2572,-6.2415,-7.3903,-6.1166,-6.0471,-5.7474,-7.5747,-1.7888,-2.9889,-5.9497,-3.7352,-5.0735,-4.4755,-1.8035,-5.3491,-5.5504,-5.7542,-7.0319,-3.6292,-6.5599
-8.0269,-6.3545,-5.6351,-3.5993,-4.8753,-2.8216,-2.9889,-0.245,-4.7124,-5.1986,-3.2294,-8.3677,-8.3845,-3.6275,-0.9505,-2.8357,-4.7664,-8.6751,-1.5491,-4.4309,-8.6021,-4.1324,-5.8701,-3.6652,-5.2079,-5.1098,-3.927,-7.5443,-6.7441,-7.012,-3.5872,-6.1413,-7.4033,-5.7679,-9.0159,-3.2625,-2.6611,-9.3636,-8.2277,-5.4254,-6.8313,-2.4981,-3.0172,-3.7309,-5.0078,-5.6038,-2.8376,-7.8906,-6.3712,-4.792,-7.0532,-3.6227,-7.8128,-3.4939,-6.5393,-2.5743,-4.5013,-5.04,-2.635,-6.278,-3.8623,-6.4699,-6.8712,-6.6489,-4.817,-4.974,-3.4308,-2.7464,-6.0142,-3.6585,-2.297,-1.935,-5.0256,-6.2458,-7.6171,-2.2328,-2.8003,-3.2356,-4.9679,-5.5989,-6.2889,-2.9907,-7.848,-4.4444,-3.1616,-7.3136,-7.7376,-4.2644,-4.7772,-6.3354,-3.8363,-2.7854,-8.1463,-7.7101,-6.0747,-2.8713,-7.4774,-7.6395,-8.1988,-2.2502,-6.8245,-1.6851,-6.7207,-4.86,-1.9542,-3.4763,-4.7847,-2.9148,-3.5592,-6.1679,-4.3418,-8.0727,-7.13,-3.4358,-6.8177,-6.6277,-2.8198,-2.1763,-2.9036,-6.1204,-7.8225,-6.477,-6.265,-3.4618,-5.176,-7.0884,-5.6916,-3.2139,-4.6017,-7.7402,-5.9737,-2.9623,-7.8172,-8.5889,-6.2407,-5.7026,-6.6891,-4.6854,-2.9968,-3.2546,-2.1771,-4.5194,-8.2215,-4.4461,-2.7986,-5.7974,-8.4358,-2.1688,-2.9836,-4.2375,-4.6468,-2.583,-7.6115,-7.876,-7.5399,-3.5188,-6.3981,-2.964,-7.5356,-3.0542,-2.836,-7.5371,-5.8915,-5.2464,-4.6821,-6.4829,-6.7745,-3.0303,-5.7903,-8.6994,-5.544,-6.3552,-6.5642,-7.4159,-7.6686,-5.2575,-3.1725,-7.0368,-6.552,-6.4685,-5.4566,-3.9071,-5.5055,-7.1434,-8.2433,-3.0972,-4.4715,-8.1034,-6.5432,-5.607,-5.1988,-7.4141,-8.9544,-6.8149,-6.2832,-5.423,-9.2518,-6.6436,-7.0734,-4.2457,-8.1006,-8.8087,-3.9845,-4.9854,-6.8643,-5.4831,-3.3324,-8.6565,-2.6002,-3.5632,-4.4109,-3.3418,-4.869,-6.0212,-3.8056,-3.0643,-3.1918,-2.2252,-3.2108,-6.8587,-5.5561,-4.86,-8.227,-8.2859,-8.6936,-7.6424,-7.871,-5.289,-7.0289,-3.8813,-4.7626,-5.2974,-2.6848,-2.6534,-8.4588,-4.2073,-6.9453,-2.4669,-7.741,-7.5581,-7.6224,-6.0665,-6.3453,-2.5608,-1.8059,-5.9337,-2.5856,-2.786,-8.0669,-2.8457,-5.1468,-5.2803,-8.515,-3.3196,-3.4353,-2.7367,-7.0225,-6.4597,-6.6355,-5.7994,-3.292,-4.1762,-6.7573,-6.4398,-2.8521,-4.7231,-4.2533,-6.4106,-6.9908,-5.701,-5.953,-5.9095,-1.1071,-0.1371,-5.3326,-7.3715,-8.1757,-1.6476,-8.0108,-1.8658,-1.8702,-2.2032,-5.9142,-5.628,-5.919,-5.4521,-5.371,-2.1094,-6.3228,-4.0774,-8.3176,-2.9331,-2.0736,-5.9075,-6.3834,-4.4919,-4.9069,-6.0655,-4.9214,-6.358,-9.3991,-6.8375,-3.9848,-2.1948,-7.7731,-5.9149,-4.4758,-7.1437,-6.6718,-8.4283,-4.7124,-5.9561,-2.8002,-5.1144,-7.8994,-7.8697,-3.0531,-6.6688,-4.7607,-3.3043,-5.2491,-3.5564,-7.7985,-6.7162,-8.3816,-5.9436,-7.4358,-7.9422,-6.8403,-4.3446,-8.1295,-7.0103,-5.2942,-7.8291,-2.8407,-2.6598,-5.0913,-2.5646,-8.481,-3.1896,-6.6599,-5.1798,-6.1369,-6.9935,-6.7503,-5.8148,-4.9663,-6.8682,-4.4127,-8.1627,-3.8479,-5.3432,-4.7667,-1.9643,-4.7542,-1.5445,-8.2658,-2.577,-7.3455,-8.1517,-7.5973,-4.8367,-6.2411,-4.5406,-3.6868,-4.9574,-4.1244,-2.0169,-4.8698,-5.6938,-6.7771,-6.3453,-2.8615,-5.2875,-2.6387,-6.7561,-6.5157,-3.8604,-2.9351,-3.0068,-7.908,-7.5743,-7.1178,-7.3721,-4.5002,-5.6512,-7.5659,-5.3967,-4.4856,-5.7081,-5.6779,-8.9802,-0.9724,-3.1416,-5.0326,-3.3431,-9.1259,-3.6373,-4.5705,-7.5052,-8.329,-8.1475,-4.3482,-3.9674,-4.2279,-7.592,-5.5796,-2.9499,-6.5351,-6.7299,-7.7691,-5.1444,-6.8859,-7.8102,-7.9774,-6.3673,-7.1868,-8.502,-6.5646,-3.0219,-1.746,-3.6632,-5.258,-4.4729,-2.7611,-7.987,-8.6474,-4.2651,-8.2321,-5.1613,-6.7249,-4.3481,-5.0919,-8.5381,-4.6493,-2.4447,-3.4617,-3.7582,-7.6839,-2.7584,-4.4047,-3.1307,-4.0435,-2.5112,-8.0463,-6.5094,-6.2832,-5.9472,-6.1382,-5.1631,-6.7156,-1.7945,-7.8204,-4.0013,-2.2576,-6.7042,-3.9992,-3.4721,-3.6512,-4.9031,-6.7107,-5.2426,-6.0636,-5.0183,-5.955,-8.6557,-7.6307,-3.1792,-6.7745,-5.9661,-6.3124,-8.127,-7.1132,-5.6888,-7.32,-4.7043,-6.4957,-5.2294,-9.0606,-4.2602,-3.6,-5.9295,-6.2638,-6.1594,-4.621,-2.1852,-5.139,-5.1721,-8.4765,-5.5164,-5.9069,-3.0531,-7.0074,-8.2267,-7.0092,-6.8623,-6.5465,-8.4031,-2.594,-3.7484,-6.7497,-4.4918,-5.9123,-5.2691,-2.5448,-6.2684,-6.3294,-6.6682,-7.9249,-4.3829,-7.4735
-8.9084,-7.2229,-6.5683,-4.4864,-5.6769,-3.7193,-3.8502,-1.0191,-5.5756,-6.0407,-4.0637,-9.2123,-9.1865,-4.4942,-1.6526,-3.3912,-5.4423,-9.5907,-2.2531,-5.2821,-9.5028,-4.9971,-6.6597,-4.6681,-6.016,-5.9428,-4.8121,-8.4035,-7.6397,-7.8653,-4.3236,-6.8443,-8.3123,-6.6749,-9.9203,-4.0934,-3.5384,-10.2639,-9.047,-6.2832,-7.6716,-3.0509,-3.5644,-4.5769,-5.6952,-6.1588,-3.5401,-8.7461,-7.2003,-5.6303,-7.8806,-4.4764,-8.5245,-4.4764,-7.3169,-3.385,-5.2766,-5.8014,-3.4213,-7.1352,-4.605,-7.2368,-7.6979,-7.4483,-5.6672,-5.7597,-4.1807,-3.5709,-6.7869,-4.313,-3.1064,-2.6934,-5.8312,-7.0036,-8.3448,-3.0263,-3.5633,-4.1581,-5.7542,-6.3699,-7.2083,-3.7708,-8.7607,-5.2346,-3.9098,-8.2285,-8.614,-5.2082,-5.5838,-7.0942,-4.6465,-3.5792,-8.8989,-8.4664,-6.792,-3.7452,-8.2288,-8.5401,-9.0396,-2.9706,-7.7243,-2.3829,-7.6074,-5.6239,-2.6917,-4.3642,-5.5458,-3.6425,-4.3714,-7.0336,-5.2432,-8.8474,-8.0564,-4.3004,-7.5423,-7.3283,-3.6724,-2.9014,-3.7608,-7.0033,-8.693,-7.3105,-7.1281,-4.3862,-6.0544,-7.9868,-6.5505,-4.0219,-5.5225,-8.6297,-6.6921,-3.8387,-8.5684,-9.5188,-6.994,-6.5143,-7.5915,-5.5381,-3.8355,-4.0875,-2.9793,-5.3346,-9.0496,-5.2439,-3.655,-6.489,-9.3326,-2.8896,-3.8639,-5.0048,-5.5404,-3.4677,-8.4639,-8.7558,-8.3976,-4.3367,-7.2034,-3.6971,-8.4306,-3.9059,-3.7378,-8.3088,-6.6754,-6.1356,-5.5417,-7.2488,-7.6492,-3.8653,-6.6881,-9.5564,-6.3226,-7.1832,-7.3469,-8.256,-8.4292,-6.0749,-3.9412,-7.8589,-7.3369,-7.1572,-6.2676,-4.7955,-6.2832,-7.9502,-9.1515,-3.9239,-5.2499,-8.9351,-7.3378,-6.2832,-6.0161,-8.1782,-9.901,-7.6255,-7.0437,-6.3423,-10.226,-7.5384,-7.8726,-4.9967,-8.9611,-9.7824,-4.8155,-5.8826,-7.7724,-6.3994,-4.2605,-9.5611,-3.3421,-4.493,-5.3548,-4.1154,-5.7333,-6.9034,-4.6999,-4.0115,-4.0796,-2.9678,-4.1026,-7.629,-6.4904,-5.7618,-9.1499,-9.1688,-9.6253,-8.5504,-8.7321,-6.1934,-7.881,-4.6521,-5.6343,-6.1369,-3.5633,-3.5294,-9.2934,-4.9873,-7.7479,-3.2898,-8.6347,-8.381,-8.4554,-6.8978,-7.1567,-3.4061,-2.5811,-6.8043,-3.3977,-3.6199,-8.9268,-3.6468,-5.9264,-6.248,-9.3495,-4.1114,-4.3165,-3.5636,-7.8825,-7.2944,-7.4065,-6.6963,-4.1449,-5.0505,-7.5035,-7.3195,-3.5439,-5.61,-5.0082,-7.4196,-7.6582,-6.4052,-6.9004,-6.642,-1.8218,-0.77,-6.0102,-8.2997,-9.1772,-2.338,-8.826,-2.5794,-2.5151,-3.0286,-6.8931,-6.2979,-6.7312,-6.1827,-6.0673,-2.8758,-7.2241,-4.9352,-9.2682,-3.59,-2.7936,-6.7615,-7.1875,-5.2233,-5.8153,-6.9313,-5.6791,-7.2484,-10.2915,-7.6453,-4.6739,-2.9669,-8.4975,-6.7379,-5.2256,-7.8608,-7.5555,-9.2961,-5.5487,-6.831,-3.707,-5.8735,-8.7671,-8.689,-3.9469,-7.5141,-5.6062,-4.1843,-6.1386,-4.2554,-8.6394,-7.5543,-9.2103,-6.7421,-8.2648,-8.7333,-7.7257,-5.1514,-8.9699,-7.8442,-6.2553,-8.7575,-3.7042,-3.318,-5.8159,-3.2751,-9.332,-3.9162,-7.4058,-5.9971,-6.9075,-7.8283,-7.6283,-6.7401,-5.699,-7.6152,-5.2516,-8.9472,-4.7687,-6.0551,-5.5162,-2.7081,-5.6377,-2.2318,-9.1576,-3.3895,-8.2433,-9.0379,-8.4647,-5.5681,-7.0952,-5.4022,-4.4472,-5.824,-4.9574,-2.7828,-5.6745,-6.5282,-7.6478,-7.1208,-3.6594,-6.0291,-3.5221,-7.562,-7.2865,-4.7963,-3.8085,-3.8478,-8.8302,-8.4392,-7.9111,-8.1496,-5.4698,-6.5929,-8.4563,-6.4457,-5.7816,-6.5257,-6.4568,-9.9219,-1.7768,-3.9098,-5.9749,-4.0505,-10.0483,-4.4327,-5.2876,-8.3142,-9.202,-9.0934,-5.2358,-4.78,-5.1444,-8.4736,-6.2832,-3.7851,-7.3745,-7.614,-8.7294,-6.0572,-7.7181,-8.5373,-8.784,-7.2094,-8.0719,-9.3347,-7.3269,-3.8585,-2.4643,-4.5626,-6.1065,-5.2779,-3.6282,-8.7839,-9.5438,-5.0879,-9.1885,-6.0441,-7.5385,-5.2409,-5.9378,-9.4179,-5.5017,-3.264,-4.3347,-4.5935,-8.4985,-3.5273,-5.1883,-3.9085,-4.8523,-3.2796,-8.8413,-7.2939,-7.0327,-6.7663,-6.8972,-6.0655,-7.4669,-2.5692,-8.7045,-4.7664,-2.9428,-7.4931,-4.7273,-4.2524,-4.4053,-5.8089,-7.5034,-6.094,-6.9043,-5.7689,-6.8781,-9.5374,-8.3651,-4.0177,-7.491,-6.8738,-7.1219,-9.0535,-7.9965,-6.5959,-8.189,-5.5137,-7.4195,-6.0678,-9.9919,-5.0317,-4.4447,-6.7948,-7.0556,-7.045,-5.3527,-2.9709,-5.9217,-6.0205,-9.3363,-6.2509,-6.6248,-3.843,-7.7404,-9.0234,-7.8905,-7.6459,-7.3206,-9.2179,-3.3841,-4.4912,-7.54,-5.2479,-6.7195,-6.0396,-3.2826,-7.1883,-7.1262,-7.5648,-8.8108,-5.1063,-8.3852
-9.7674,-8.0939,-7.4895,-5.367,-6.4514,-4.6184,-4.7031,-1.6683,-6.4299,-6.8485,-4.8436,-10.0378,-9.9851,-5.3692,-2.3465,-3.9466,-6.3126,-10.5042,-2.9516,-6.0869,-10.4031,-5.8287,-7.4358,-5.6272,-6.7912,-6.7766,-5.7255,-9.222,-8.5209,-8.7276,-5.0102,-7.5259,-9.1438,-7.5616,-10.758,-4.9047,-4.4209,-11.1528,-9.8514,-7.1037,-8.4938,-3.734,-4.7124,-5.3899,-6.4706,-6.8926,-4.2066,-9.5963,-7.992,-6.4717,-8.684,-5.3412,-9.3114,-5.3598,-8.0969,-4.174,-6.0247,-6.5353,-4.1995,-7.9807,-5.3282,-7.9923,-8.5142,-8.2093,-6.4996,-6.5282,-4.9059,-4.3856,-7.5677,-5.0317,-3.8915,-3.4312,-6.6289,-7.7696,-9.0611,-3.8155,-4.3157,-5.0607,-6.5178,-7.1095,-8.1002,-4.5368,-9.6763,-6.0195,-4.6485,-9.1298,-9.4876,-6.1198,-6.3682,-7.8426,-5.4623,-4.3489,-9.6734,-9.2443,-7.4819,-4.6057,-8.9611,-9.4457,-9.8697,-3.6624,-8.6164,-3.0755,-8.4898,-6.3949,-3.4087,-5.2171,-6.2704,-4.3465,-5.1456,-7.8883,-6.126,-9.613,-8.9817,-5.1358,-8.2678,-8.0129,-4.5184,-3.6164,-4.6048,-7.8848,-9.5597,-8.1261,-7.9822,-5.264,-6.9188,-8.8532,-7.3982,-4.8273,-6.4299,-9.5158,-7.4008,-4.7065,-9.2586,-10.4292,-7.7304,-7.3198,-8.4365,-6.3437,-4.7062,-4.8859,-3.7592,-6.1588,-9.8602,-6.0238,-4.4981,-7.1857,-10.2027,-3.6002,-4.7226,-5.7575,-6.433,-4.3475,-9.298,-9.6384,-9.2265,-5.1368,-8.0279,-4.4118,-9.308,-4.7368,-4.6304,-9.0597,-7.446,-7.0332,-6.3917,-7.9797,-8.5124,-4.6566,-7.5644,-10.393,-7.0824,-7.9959,-8.127,-9.1136,-9.1696,-6.8992,-4.6923,-8.6703,-8.0859,-7.8823,-7.0612,-5.6537,-7.1658,-8.7406,-10.0846,-4.7345,-6.0413,-9.7536,-8.1115,-6.9655,-6.8236,-8.939,-10.8098,-8.417,-7.8283,-7.2502,-11.1909,-8.4048,-8.664,-5.7308,-9.8803,-10.7378,-5.6339,-6.7718,-8.6796,-7.2991,-5.1943,-10.4404,-4.0805,-5.3416,-6.2935,-4.8889,-6.6794,-7.8478,-5.5575,-4.9317,-4.9498,-3.7013,-4.9839,-8.3814,-7.3881,-6.6231,-10.0601,-10.0111,-10.5319,-9.4556,-9.5629,-7.072,-8.726,-5.3681,-6.4899,-6.9628,-4.4027,-4.3838,-10.1369,-5.7729,-8.5608,-4.0961,-9.4817,-9.1844,-9.3157,-7.7121,-7.942,-4.2509,-3.3214,-7.6722,-4.2114,-4.4289,-9.7108,-4.4288,-6.7468,-7.1956,-10.1816,-4.9461,-5.178,-4.3671,-8.7513,-8.0968,-8.1552,-7.5486,-5.0066,-5.9359,-8.2577,-8.1911,-4.2241,-6.4835,-5.8014,-8.4062,-8.3499,-7.1489,-7.8283,-7.4216,-2.4756,-1.4659,-6.7813,-9.2198,-10.1536,-3.0327,-9.6269,-3.2856,-3.1901,-3.8303,-7.8687,-6.9524,-7.523,-6.8902,-6.7433,-3.6229,-8.1173,-5.7912,-10.1901,-4.2689,-3.5573,-7.6159,-7.973,-5.9684,-6.6862,-7.7697,-6.4125,-8.1316,-11.245,-8.4025,-5.4017,-3.7176,-9.2116,-7.5569,-5.9614,-8.5577,-8.428,-10.1377,-6.3476,-7.6888,-4.6011,-6.6702,-9.6098,-9.503,-4.8045,-8.3469,-6.4505,-5.04,-6.9164,-4.9392,-9.4811,-8.3577,-10.023,-7.5192,-9.0858,-9.5049,-8.5051,-5.8975,-9.7762,-8.6912,-7.1999,-9.6561,-4.5554,-3.978,-6.5667,-3.9666,-10.1843,-4.6091,-8.1422,-6.8062,-7.6623,-8.6712,-8.4838,-7.6279,-6.4214,-8.3356,-6.094,-9.7395,-5.6688,-6.7468,-6.2426,-3.4423,-6.496,-2.9346,-10.0485,-4.2122,-9.1094,-9.9164,-9.3446,-6.2745,-7.9701,-6.25,-5.2647,-6.6855,-5.7761,-3.5634,-6.4251,-7.339,-8.5004,-7.893,-4.4301,-6.7561,-4.2836,-8.3592,-8.0485,-5.7354,-4.6745,-4.6508,-9.7217,-9.2945,-8.6954,-8.9103,-6.4282,-7.5117,-9.3122,-7.3786,-6.7648,-7.3658,-7.2262,-10.8471,-2.583,-4.6818,-6.8884,-4.7521,-10.9722,-5.2086,-6.0362,-9.1227,-10.0572,-10.0335,-6.1156,-5.6354,-6.0429,-9.3396,-6.9675,-4.6038,-8.1992,-8.5137,-9.6686,-6.9571,-8.552,-9.2426,-9.5857,-8.032,-8.9388,-10.1399,-8.112,-4.6927,-3.1641,-5.4496,-6.9345,-6.0765,-4.4704,-9.5962,-10.4292,-5.9003,-10.1209,-6.9141,-8.3344,-6.1082,-6.7688,-10.27,-6.3419,-4.0805,-5.1983,-5.4127,-9.291,-4.2716,-5.9432,-4.6769,-5.6371,-4.0267,-9.6585,-8.0605,-7.821,-7.5685,-7.6468,-6.9725,-8.227,-3.2734,-9.5899,-5.5228,-3.643,-8.2491,-5.4345,-5.039,-5.1343,-6.7067,-8.2754,-6.9754,-7.748,-6.5115,-7.7647,-10.4076,-9.0814,-4.9019,-8.2104,-7.7654,-7.91,-9.9293,-8.8433,-7.5132,-9.032,-6.2974,-8.3154,-6.9026,-10.893,-5.7489,-5.2463,-7.6491,-7.8303,-7.9147,-6.0678,-3.7323,-6.6881,-6.8712,-10.1727,-6.9034,-7.3203,-4.6237,-8.4871,-9.8417,-8.7913,-8.4239,-8.0867,-10.0336,-4.1581,-5.2304,-8.2928,-5.9739,-7.5117,-6.7947,-3.9974,-8.0862,-7.8718,-8.4151,-9.691,-5.8114,-9.2754
-10.6361,-8.9636,-8.4274,-6.2832,-7.2926,-5.5264,-5.5774,-2.4716,-7.3277,-7.6874,-5.7181,-10.9068,-10.8314,-6.2492,-3.0443,-4.5925,-7.0686,-11.4429,-3.6498,-6.9579,-11.3066,-6.6844,-8.2328,-6.6262,-7.5757,-7.6582,-6.6179,-10.0967,-9.4308,-9.5855,-5.7596,-8.2451,-10.0154,-8.4773,-11.6507,-5.7362,-5.3183,-12.0125,-10.6947,-8.0228,-9.3286,-4.4209,-5.4556,-6.2296,-7.2502,-7.6382,-4.9754,-10.4623,-8.827,-7.3433,-9.5397,-6.2099,-10.0844,-6.3392,-8.8996,-4.9967,-6.8123,-7.3085,-5.0003,-8.8484,-6.0818,-8.7724,-9.3727,-9.0248,-7.3656,-7.3332,-5.6669,-5.2273,-8.3738,-5.7534,-4.7018,-4.2023,-7.4571,-8.565,-9.8026,-4.6364,-5.0948,-5.9932,-7.3245,-7.9075,-9.03,-5.3281,-10.6043,-6.8236,-5.4125,-10.0517,-10.3848,-7.0686,-7.1746,-8.6226,-6.2832,-5.1664,-10.4552,-10.0012,-8.2114,-5.5109,-9.743,-10.3779,-10.7399,-4.3794,-9.5204,-3.8117,-9.405,-7.1809,-4.1654,-6.101,-7.04,-5.0769,-5.9521,-8.7492,-7.021,-10.3991,-9.9324,-6.0252,-9.0105,-8.7251,-5.3814,-4.3927,-5.4575,-8.7979,-10.4349,-8.9787,-8.8636,-6.1805,-7.8057,-9.7655,-8.2741,-5.6637,-7.3671,-10.4076,-8.1348,-5.5988,-10.0413,-11.3461,-8.5116,-8.1718,-9.348,-7.2155,-5.5774,-5.7232,-4.585,-6.9854,-10.7026,-6.8375,-5.3618,-7.8875,-11.1037,-4.3387,-5.6178,-6.5332,-7.345,-5.2505,-10.1545,-10.5244,-10.0795,-5.963,-8.8387,-5.1599,-10.2102,-5.6027,-5.5454,-9.8414,-8.246,-7.9505,-7.2624,-8.7663,-9.3818,-5.4937,-8.4622,-11.2518,-7.8593,-8.8515,-8.9308,-9.9756,-9.9302,-7.7529,-5.4745,-9.5048,-8.8931,-8.6294,-7.8712,-6.5445,-7.9562,-9.5557,-11.0232,-5.5708,-6.8156,-10.5973,-8.905,-7.6807,-7.6585,-9.7465,-11.7714,-9.2246,-8.6027,-8.1833,-12.2029,-9.3113,-9.4846,-6.5136,-10.7826,-11.707,-6.4734,-7.6855,-9.6101,-8.2172,-6.1289,-11.3477,-4.8212,-6.2589,-7.257,-5.6799,-7.5928,-8.7422,-6.4524,-5.8983,-5.8419,-4.4567,-5.9071,-9.1612,-8.32,-7.5247,-10.9777,-10.9335,-11.4767,-10.3884,-10.4221,-7.9907,-9.5984,-6.151,-7.3803,-7.7994,-5.2803,-5.2722,-11.0013,-6.5791,-9.3903,-4.8818,-10.3508,-10.0226,-10.2051,-8.5392,-8.7591,-5.1221,-4.1017,-8.5106,-5.0409,-5.2567,-10.5021,-5.2438,-7.5618,-8.1672,-11.0342,-5.7568,-6.0634,-5.1936,-9.6678,-8.9215,-8.9731,-8.4473,-5.894,-6.797,-9.0267,-9.0818,-4.906,-7.388,-6.6284,-9.4347,-9.0592,-7.9095,-8.8018,-8.2265,-3.272,-2.2028,-7.5407,-10.1696,-11.1321,-3.736,-10.4507,-4.0282,-3.8658,-4.656,-8.8512,-7.6552,-8.3318,-7.6242,-7.4389,-4.4023,-9.0253,-6.6664,-11.1358,-4.9917,-4.3274,-8.4828,-8.7854,-6.7785,-7.5931,-8.6431,-7.1822,-9.0275,-12.1334,-9.2013,-6.1113,-4.5101,-9.9726,-8.3678,-6.7234,-9.2857,-9.2981,-11.0136,-7.1871,-8.5723,-5.5226,-7.4534,-10.4639,-10.3299,-5.708,-9.2008,-7.324,-5.928,-7.8204,-5.6574,-10.3653,-9.2084,-10.8781,-8.3472,-9.9496,-10.3289,-9.3791,-6.7215,-10.625,-9.5354,-8.1942,-10.5794,-5.4463,-4.661,-7.3491,-4.7052,-11.0647,-5.3681,-8.9005,-7.6613,-8.4522,-9.5266,-9.3748,-8.5694,-7.1707,-9.0979,-6.9545,-10.5492,-6.5877,-7.4844,-6.9948,-4.2021,-7.3879,-3.6757,-10.9521,-5.1109,-10.0207,-10.8194,-10.2401,-7.057,-8.8529,-7.1337,-6.099,-7.5771,-6.6481,-4.4139,-7.2306,-8.1806,-9.3614,-8.688,-5.2372,-7.5292,-5.2023,-9.1747,-8.8353,-6.6903,-5.5578,-5.493,-10.6269,-10.1705,-9.5096,-9.6982,-7.4046,-8.4391,-10.1799,-8.3379,-7.7236,-8.193,-8.0375,-11.8022,-3.4464,-5.4777,-7.8333,-5.5144,-11.9085,-6.0179,-6.8149,-9.9483,-10.9533,-10.9902,-7.0271,-6.463,-6.9513,-10.2368,-7.7051,-5.4462,-9.063,-9.4248,-10.6337,-7.8813,-9.418,-9.9869,-10.4169,-8.8768,-9.8211,-10.9819,-8.8913,-5.565,-3.8947,-6.3613,-7.8067,-6.9087,-5.3431,-10.4169,-11.3524,-6.7346,-11.0763,-7.8123,-9.1563,-6.9932,-7.6268,-11.1826,-7.2025,-4.8957,-6.0784,-6.2728,-10.0971,-5.0389,-6.7319,-5.4636,-6.445,-4.8061,-10.4854,-8.8612,-8.6175,-8.4077,-8.442,-7.9089,-8.9953,-4.0631,-10.4992,-6.3124,-4.3716,-9.0649,-6.1995,-5.8578,-5.9081,-7.6229,-9.0367,-7.8678,-8.6243,-7.272,-8.6855,-11.288,-9.8349,-5.7658,-8.958,-8.6828,-8.7228,-10.8546,-9.7172,-8.4516,-9.9219,-7.1461,-9.2676,-7.775,-11.8183,-6.5424,-6.1023,-8.536,-8.6482,-8.8128,-6.7973,-4.5232,-7.4917,-7.7543,-11.0427,-7.6329,-8.0553,-5.4129,-9.2742,-10.654,-9.6735,-9.2225,-8.8705,-10.8788,-4.9667,-5.9873,-9.0866,-6.7279,-8.3333,-7.574,-4.7314,-9.0151,-8.6777,-9.3244,-10.5991,-6.5298,-10.1991
-11.5053,-9.8365,-9.3563,-7.1778,-8.1026,-6.4212,-6.4341,-3.1728,-8.2054,-8.5168,-6.512,-11.751,-11.6434,-7.1217,-3.8581,-5.2432,-7.9297,-12.3653,-4.3471,-7.7756,-12.2044,-7.4849,-9.0005,-7.5985,-8.357,-8.4812,-7.5011,-10.9327,-10.3365,-10.4585,-6.4902,-8.9443,-10.8809,-9.3708,-12.5369,-6.5461,-6.2029,-12.8577,-11.5192,-8.894,-10.1637,-5.0968,-6.2644,-7.0518,-7.9962,-8.4235,-5.7046,-11.3214,-9.6449,-8.1742,-10.3723,-7.0684,-10.9018,-7.2417,-9.7004,-5.8082,-7.5806,-8.0768,-5.7829,-9.6978,-6.8124,-9.5337,-10.19,-9.8178,-8.2178,-8.1355,-6.4234,-6.0472,-9.1556,-6.4828,-5.507,-4.9601,-8.2769,-9.3485,-10.5265,-5.4279,-5.8577,-6.9082,-8.1016,-8.6761,-9.9418,-6.0858,-11.524,-7.6196,-6.1648,-10.9617,-11.2721,-7.9946,-7.9732,-9.3803,-7.1093,-5.94,-11.2386,-10.7767,-8.9162,-6.3853,-10.4869,-11.2931,-11.5903,-5.0892,-10.4193,-4.5526,-10.3021,-7.9561,-4.8784,-6.9856,-7.7913,-5.8056,-6.7515,-9.5918,-7.9023,-11.1713,-10.8618,-6.8703,-9.7392,-9.4284,-6.2455,-5.1335,-6.3267,-9.6904,-11.312,-9.8113,-9.7191,-7.0792,-8.6911,-10.6487,-9.1406,-6.4789,-8.2788,-11.2804,-8.8481,-6.4871,-10.7897,-12.2664,-9.2743,-8.9961,-10.2222,-8.0415,-6.4293,-6.5475,-5.3638,-7.7878,-11.5313,-7.6212,-6.2111,-8.5685,-11.9815,-5.0588,-6.4904,-7.2933,-8.2451,-6.1355,-10.9962,-11.4061,-10.935,-6.7659,-9.6803,-5.8934,-11.0957,-6.4372,-6.4396,-10.6047,-9.0241,-8.8323,-8.1287,-9.5188,-10.2567,-6.3425,-9.353,-12.106,-8.6212,-9.6584,-9.7108,-10.8312,-10.698,-8.598,-6.2328,-10.3208,-9.7015,-9.3889,-8.665,-7.4153,-8.5527,-10.3521,-11.966,-6.3818,-7.5885,-11.4186,-9.6976,-8.3458,-8.4782,-10.5314,-12.6875,-10.0528,-9.3747,-9.1018,-13.1627,-10.1933,-10.288,-7.2699,-11.6891,-12.6617,-7.287,-8.572,-10.518,-9.1296,-7.0442,-12.2492,-5.5827,-7.155,-8.1975,-6.4507,-8.5197,-9.6675,-7.3306,-6.8492,-6.7273,-5.2009,-6.7949,-9.9166,-9.2349,-8.4069,-11.9008,-11.8132,-12.3831,-11.2921,-11.266,-8.8801,-10.4517,-6.9144,-8.2533,-8.6328,-6.1423,-6.1434,-11.8347,-7.3644,-10.2014,-5.777,-11.2098,-10.8413,-11.0872,-9.3922,-9.5626,-5.9838,-4.8651,-9.3811,-5.873,-6.0859,-11.3261,-6.0374,-8.387,-9.1158,-11.862,-6.5394,-6.9247,-6.0071,-10.547,-9.7311,-9.7681,-9.3067,-6.7517,-7.6774,-9.8041,-9.9682,-5.6194,-8.2712,-7.4202,-10.4296,-9.7668,-8.6686,-9.7377,-9.0093,-4.0231,-2.9375,-8.3146,-11.102,-12.1019,-4.4619,-11.2609,-4.7559,-4.5608,-5.4877,-9.829,-8.3567,-9.1095,-8.3546,-8.1376,-5.1711,-9.9236,-7.5315,-12.0779,-5.6846,-5.0913,-9.3426,-9.5844,-7.5226,-8.4972,-9.5123,-7.9327,-9.9143,-13.0454,-9.9567,-6.8172,-5.2862,-10.6971,-9.184,-7.4678,-10.002,-10.1595,-11.8803,-8.0075,-9.4529,-6.418,-8.236,-11.3347,-11.1516,-6.5963,-10.0456,-8.1767,-6.8031,-8.6839,-6.3541,-11.2002,-10.0168,-11.7149,-9.1519,-10.7879,-11.1283,-10.2359,-7.4752,-11.4466,-10.3833,-9.1248,-11.4971,-6.3095,-5.3277,-8.099,-5.4014,-11.9304,-6.091,-9.6545,-8.4887,-9.2116,-10.3736,-10.2484,-9.4809,-7.9122,-9.8297,-7.8065,-11.3584,-7.5028,-8.1957,-7.733,-4.9412,-8.2501,-4.4075,-11.836,-5.9491,-10.9324,-11.7073,-11.1455,-7.8044,-9.7098,-7.9912,-6.9099,-8.4388,-7.4762,-5.2245,-8.049,-9.0005,-10.2266,-9.4666,-6.053,-8.3021,-6.0046,-9.9731,-9.6066,-7.6187,-6.4243,-6.3095,-11.4988,-11.0319,-10.2975,-10.47,-8.3299,-9.3202,-11.014,-9.2345,-8.6032,-9.0186,-8.8175,-12.7435,-4.2891,-6.2635,-8.7564,-6.2393,-12.8412,-6.8054,-7.5205,-10.7796,-11.8351,-11.9396,-7.9137,-7.3174,-7.8587,-11.116,-8.3968,-6.2751,-9.898,-10.3032,-11.5858,-8.7855,-10.2724,-10.7051,-11.2308,-9.7202,-10.6838,-11.8085,-9.6761,-6.4099,-4.6164,-7.244,-8.6542,-7.7217,-6.2023,-11.23,-12.2414,-7.5607,-12.026,-8.6973,-9.9668,-7.8675,-8.4676,-12.06,-8.0565,-5.7267,-6.9504,-7.1103,-10.9029,-5.7935,-7.5349,-6.2465,-7.2622,-5.5723,-11.3034,-9.6473,-9.3624,-9.2246,-9.2103,-8.8135,-9.784,-4.8319,-11.3887,-7.0709,-5.0767,-9.8555,-6.9336,-6.6637,-6.6722,-8.525,-9.8033,-8.7491,-9.4993,-8.0124,-9.5747,-12.1719,-10.5542,-6.6438,-9.692,-9.5838,-9.5239,-11.772,-10.5749,-9.3681,-10.7957,-7.9727,-10.1695,-8.6249,-12.7358,-7.2964,-6.9502,-9.4122,-9.4331,-9.6979,-7.5386,-5.3034,-8.2726,-8.6228,-11.8947,-8.4023,-8.7825,-6.2066,-10.0131,-11.4761,-10.5504,-10.0114,-9.6424,-11.6969,-5.7404,-6.7238,-9.8596,-7.4709,-9.1378,-8.3417,-5.4533,-9.9137,-9.447,-10.1942,-11.4647,-7.2369,-11.0941
-12.3725,-10.7111,-10.2773,-8.0904,-8.9163,-7.3156,-7.311,-3.8959,-9.0859,-9.366,-7.3016,-12.5941,-12.455,-7.9893,-4.6429,-5.8978,-8.7737,-13.2826,-5.0475,-8.631,-13.094,-8.3007,-9.7774,-8.5828,-9.1236,-9.3335,-8.4015,-11.7757,-11.2288,-11.315,-7.2224,-9.6418,-11.7484,-10.2716,-13.4176,-7.362,-7.0842,-13.7345,-12.3553,-9.7765,-11.0062,-5.8067,-7.0776,-7.8747,-8.7225,-9.2441,-6.4579,-12.1789,-10.4614,-9.0266,-11.2024,-7.9473,-11.699,-8.1494,-10.5069,-6.6164,-8.3483,-8.8423,-6.5714,-10.5488,-7.5423,-10.3016,-11.0223,-10.6184,-9.0712,-8.9244,-7.1852,-6.8647,-9.9386,-7.2242,-6.3049,-5.7115,-9.0924,-10.1341,-11.2686,-6.2274,-6.6168,-7.8319,-8.8906,-9.4532,-10.856,-6.8525,-12.4384,-8.4144,-6.9128,-11.8763,-12.1645,-8.9304,-8.7985,-10.1495,-7.9312,-6.7242,-12.0321,-11.5592,-9.6383,-7.2677,-11.2363,-12.2186,-12.4435,-5.8164,-11.3157,-5.2791,-11.2053,-8.7258,-5.5958,-7.8725,-8.5674,-6.5238,-7.543,-10.4478,-8.8004,-11.9443,-11.7931,-7.7391,-10.4733,-10.1314,-7.1177,-5.8597,-7.1775,-10.5891,-12.1869,-10.6399,-10.582,-7.9851,-9.5762,-11.536,-10.0111,-7.3091,-9.196,-12.1594,-9.565,-7.374,-11.5273,-13.1991,-10.0464,-9.8233,-11.0918,-8.8833,-7.2927,-7.364,-6.143,-8.6008,-12.3589,-8.4126,-7.0722,-9.2688,-12.8657,-5.7809,-7.3677,-8.0535,-9.1564,-7.0244,-11.8393,-12.2816,-11.7655,-7.5698,-10.5176,-6.6269,-11.9878,-7.2826,-7.3321,-11.3741,-9.8023,-9.7313,-9.0047,-10.2888,-11.118,-7.1845,-10.2372,-12.9549,-9.3913,-10.4785,-10.4896,-11.7035,-11.4696,-9.4376,-6.9937,-11.1277,-10.4999,-10.1472,-9.4618,-8.2876,-8.6394,-11.1546,-12.8901,-7.2039,-8.3596,-12.2429,-10.4785,-9.0618,-9.2991,-11.3257,-13.6276,-10.86,-10.147,-10.0161,-14.1258,-11.0733,-11.093,-8.0344,-12.5918,-13.6269,-8.1149,-9.468,-11.4398,-10.0417,-7.9682,-13.1637,-6.3311,-8.0371,-9.153,-7.2252,-9.4694,-10.5971,-8.2198,-7.7916,-7.616,-5.9455,-7.6878,-10.6772,-10.1547,-9.299,-12.8211,-12.6797,-13.3026,-12.1992,-12.1162,-9.7778,-11.306,-7.6672,-9.1195,-9.4591,-7.003,-7.014,-12.6808,-8.1591,-11.0237,-6.7156,-12.0685,-11.6621,-11.9977,-10.2343,-10.3716,-6.8384,-5.6253,-10.2472,-6.6975,-6.9295,-12.1997,-6.8292,-9.2038,-10.075,-12.6929,-7.3395,-7.7902,-6.8432,-11.4314,-10.546,-10.5714,-10.1753,-7.6169,-8.5571,-10.5887,-10.8499,-6.365,-9.1614,-8.2411,-11.4379,-10.474,-9.4386,-10.6847,-9.8149,-4.7846,-3.6912,-9.103,-12.0371,-13.0615,-5.1822,-12.0688,-5.493,-5.2657,-6.3119,-10.7992,-9.048,-9.9059,-9.0918,-8.8426,-5.9409,-10.8295,-8.4044,-13.03,-6.3822,-5.8474,-10.1992,-10.3809,-8.273,-9.3979,-10.3793,-8.6994,-10.8092,-13.9412,-10.6949,-7.5147,-6.0419,-11.4249,-9.9988,-8.2104,-10.7113,-11.02,-12.7484,-8.8352,-10.3243,-7.332,-9.0214,-12.2117,-11.9768,-7.4724,-10.9074,-9.0199,-7.6784,-9.5252,-7.0466,-12.0517,-10.8467,-12.5435,-9.9615,-11.6357,-11.9423,-11.0718,-8.2675,-12.2709,-11.2392,-10.0695,-12.4149,-7.1918,-6.0086,-8.853,-6.1248,-12.8044,-6.8149,-10.3958,-9.3266,-9.9736,-11.2136,-11.125,-10.3955,-8.6581,-10.5717,-8.6588,-12.1727,-8.4173,-8.9162,-8.4749,-5.6873,-9.1222,-5.1422,-12.7417,-6.8141,-11.8527,-12.5984,-12.0445,-8.5587,-10.5991,-8.85,-7.7287,-9.3159,-8.3247,-6.0362,-8.8408,-9.8262,-11.0833,-10.2374,-6.8754,-9.0881,-6.8637,-10.781,-10.3747,-8.5345,-7.2776,-7.131,-12.3814,-11.8933,-11.0932,-11.2406,-9.264,-10.2041,-11.853,-10.1296,-9.436,-9.85,-9.6051,-13.6711,-5.1215,-7.0576,-9.6843,-6.9652,-13.7715,-7.6011,-8.2668,-11.6173,-12.721,-12.8934,-8.809,-8.1865,-8.7604,-11.995,-9.1073,-7.1221,-10.743,-11.1962,-12.5392,-9.6925,-11.1231,-11.4334,-12.048,-10.5647,-11.5642,-12.6391,-10.4661,-7.2606,-5.3401,-8.1501,-9.5064,-8.5287,-7.073,-12.0456,-13.1482,-8.3955,-12.9885,-9.5862,-10.7897,-8.75,-9.3165,-12.9422,-8.8946,-6.5631,-7.8265,-7.9505,-11.7094,-6.56,-8.3148,-7.0258,-8.0775,-6.3401,-12.1428,-10.4443,-10.1327,-10.0463,-9.9873,-9.7182,-10.5787,-5.5828,-12.2983,-7.8332,-5.7868,-10.6307,-7.6837,-7.4695,-7.433,-9.4303,-10.5347,-9.6372,-10.3784,-8.7663,-10.4591,-13.0396,-11.2783,-7.5237,-10.437,-10.4879,-10.3217,-12.6791,-11.4447,-10.2991,-11.6641,-8.803,-11.0811,-9.497,-13.6586,-8.0697,-7.7818,-10.2897,-10.2316,-10.5752,-8.2901,-6.0869,-9.0718,-9.5091,-12.7388,-9.1145,-9.5206,-7.0074,-10.7683,-12.3001,-11.4317,-10.8056,-10.4151,-12.5245,-6.5183,-7.4604,-10.6322,-8.2091,-9.9477,-9.0991,-6.181,-10.8157,-10.2285,-11.0511,-12.3434,-7.9233,-11.9845
-13.2484,-11.5956,-11.218,-9.0084,-9.7506,-8.2559,-8.1884,-4.6075,-9.9827,-10.2194,-8.1299,-13.4346,-13.2888,-8.8624,-5.4817,-6.6073,-9.6426,-14.2172,-5.7515,-9.4765,-13.9961,-9.1009,-10.5319,-9.5645,-9.9033,-10.1576,-9.2951,-12.6329,-12.1262,-12.1896,-7.9595,-10.3643,-12.6004,-11.1816,-14.2934,-8.188,-7.9717,-14.6341,-13.2008,-10.6645,-11.8577,-6.5243,-7.9711,-8.7261,-9.522,-10.0571,-7.1944,-13.0418,-11.2893,-9.8692,-12.0408,-8.8019,-12.5351,-9.0306,-11.3072,-7.434,-9.1176,-9.5959,-7.3611,-11.4046,-8.2828,-11.0723,-11.8583,-11.4097,-9.9298,-9.7391,-7.9415,-7.7009,-10.7343,-7.9598,-7.0986,-6.4755,-9.9103,-10.9328,-12.0229,-7.0265,-7.3717,-8.7458,-9.6901,-10.2364,-11.7771,-7.6395,-13.375,-9.2037,-7.6673,-12.7888,-13.0592,-9.8564,-9.6041,-10.9088,-8.75,-7.5047,-12.8483,-12.3754,-10.361,-8.1633,-11.9878,-13.1657,-13.3073,-6.525,-12.2088,-5.9905,-12.1157,-9.5003,-6.3399,-8.7591,-9.3221,-7.239,-8.3691,-11.3089,-9.692,-12.7298,-12.7417,-8.6049,-11.2206,-10.8304,-7.9783,-6.6011,-8.021,-11.5021,-13.0541,-11.4855,-11.4341,-8.8749,-10.449,-12.4328,-10.8892,-8.139,-10.0979,-13.0489,-10.2957,-8.2618,-12.2465,-14.1051,-10.8183,-10.6578,-11.952,-9.7168,-8.1815,-8.1953,-6.9579,-9.4594,-13.1701,-9.1849,-7.9253,-9.9579,-13.7621,-6.4993,-8.2355,-8.8175,-10.0694,-7.9352,-12.6954,-13.1654,-12.6098,-8.3925,-11.3683,-7.3597,-12.8864,-8.1388,-8.2492,-12.134,-10.5927,-10.6381,-9.8707,-11.0603,-12.0224,-8.0373,-11.1405,-13.8002,-10.1633,-11.3034,-11.2739,-12.5664,-12.2334,-10.285,-7.7543,-11.9455,-11.3023,-10.9148,-10.254,-9.1535,-8.73,-11.9548,-13.8299,-8.0091,-9.1465,-13.0794,-11.2558,-9.8175,-10.1139,-12.1191,-14.5452,-11.6722,-10.929,-10.9451,-15.1139,-11.9675,-11.9067,-8.7867,-13.5508,-14.596,-8.9416,-10.366,-12.3541,-10.9488,-8.9192,-14.062,-7.094,-8.9085,-10.1059,-8.0131,-10.4625,-11.5232,-9.1049,-8.7467,-8.5087,-6.6844,-8.5926,-11.4546,-11.0611,-10.195,-13.7352,-13.5739,-14.2165,-13.1374,-12.9524,-10.6772,-12.163,-8.4263,-9.9954,-10.29,-7.854,-7.9011,-13.5462,-8.9429,-11.849,-7.7199,-12.9411,-12.4841,-12.8623,-11.0891,-11.1773,-7.6966,-6.4241,-11.1056,-7.555,-7.7667,-13.087,-7.6347,-10.0579,-11.0285,-13.5283,-8.1833,-8.658,-7.6948,-12.3078,-11.3605,-11.3785,-11.031,-8.4792,-9.4311,-11.3797,-11.7401,-7.095,-10.0641,-9.0599,-12.4414,-11.1884,-10.2102,-11.645,-10.6191,-5.5191,-4.4027,-9.8992,-12.9782,-14.0604,-5.9244,-12.8781,-6.241,-5.9709,-7.1435,-11.7921,-9.7048,-10.7217,-9.8364,-9.5531,-6.7137,-11.7253,-9.2744,-13.9822,-7.0942,-6.6398,-11.0511,-11.1971,-9.0643,-10.3002,-11.2392,-9.4315,-11.686,-14.8261,-11.4447,-8.2556,-6.8118,-12.1344,-10.8177,-8.9439,-11.4073,-11.8835,-13.6116,-9.6605,-11.2067,-8.2265,-9.8033,-13.0724,-12.8023,-8.3759,-11.7621,-9.8807,-8.562,-10.3678,-7.7509,-12.904,-11.6999,-13.3949,-10.7826,-12.4606,-12.7137,-11.8854,-9.0563,-13.0715,-12.1003,-11.0015,-13.3373,-8.0915,-6.6988,-9.6274,-6.8451,-13.6706,-7.5471,-11.1642,-10.1858,-10.7506,-12.0739,-12.0193,-11.3224,-9.4001,-11.2968,-9.5333,-12.9913,-9.3376,-9.6526,-9.222,-6.4329,-9.9903,-5.9014,-13.6295,-7.6865,-12.7746,-13.478,-12.9493,-9.3092,-11.5218,-9.7123,-8.576,-10.1916,-9.1764,-6.8771,-9.6345,-10.6405,-11.9543,-11.0226,-7.7008,-9.8665,-7.7013,-11.5895,-11.1555,-9.4581,-8.1393,-7.941,-13.2492,-12.7577,-11.8979,-12.0198,-10.2048,-11.102,-12.701,-11.0326,-10.318,-10.6934,-10.3822,-14.6221,-5.9479,-7.8472,-10.612,-7.7341,-14.7047,-8.4008,-9.012,-12.4621,-13.6238,-13.8359,-9.7016,-9.0562,-9.6544,-12.8715,-9.823,-7.9646,-11.5836,-12.0884,-13.4979,-10.6091,-11.9883,-12.1623,-12.8843,-11.4077,-12.442,-13.4691,-11.2665,-8.1265,-6.0702,-9.0415,-10.3625,-9.3515,-7.9312,-12.8843,-14.0391,-9.2238,-13.9509,-10.471,-11.6111,-9.6398,-10.1545,-13.8451,-9.7484,-7.3801,-8.6924,-8.7844,-12.5033,-7.318,-9.1105,-7.817,-8.8997,-7.1059,-13.0022,-11.2547,-10.9145,-10.8544,-10.7701,-10.6416,-11.3558,-6.3079,-13.1961,-8.6026,-6.5133,-11.4218,-8.45,-8.2882,-8.1995,-10.3321,-11.3249,-10.5265,-11.2672,-9.5113,-11.364,-13.9128,-12.0038,-8.4126,-11.1821,-11.3821,-11.1152,-13.6245,-12.3006,-11.233,-12.5541,-9.6394,-11.9971,-10.3545,-14.5788,-8.8636,-8.6106,-11.177,-11.03,-11.4616,-9.0238,-6.8635,-9.8739,-10.3988,-13.5855,-9.8333,-10.2601,-7.8188,-11.5412,-13.1146,-12.3532,-11.6019,-11.1866,-13.3558,-7.2985,-8.2128,-11.4222,-8.9345,-10.7478,-9.8702,-6.9084,-11.7144,-10.9956,-11.9242,-13.2304,-8.6441,-12.8967
-14.1063,-12.4633,-12.1418,-9.9158,-10.5689,-9.1286,-9.0787,-5.3108,-10.872,-11.0471,-8.9434,-14.287,-14.116,-9.7394,-6.2692,-7.2925,-10.4885,-15.1168,-6.4384,-10.3171,-14.9226,-9.9057,-11.2794,-10.5369,-10.6881,-10.9775,-10.1751,-13.4635,-13.0244,-13.0683,-8.6939,-11.0422,-13.451,-12.0798,-15.1856,-8.9932,-8.851,-15.4735,-14.0265,-11.5527,-12.6838,-7.2032,-8.7777,-9.5416,-10.2472,-10.9124,-7.9936,-13.9191,-12.0944,-10.7066,-12.8693,-9.6534,-13.391,-9.9545,-12.0915,-8.2378,-9.8787,-10.3582,-8.1427,-12.2464,-9.0032,-11.8183,-12.677,-12.2112,-10.7701,-10.5292,-8.6976,-8.5108,-11.5113,-8.6971,-7.894,-7.2127,-10.7309,-11.7288,-12.7685,-7.8249,-8.13,-9.6585,-10.4729,-11.0121,-12.6963,-8.4045,-14.2938,-10.0049,-8.4186,-13.7031,-13.9387,-10.789,-10.3825,-11.6685,-9.5683,-8.2763,-13.6378,-13.1361,-11.0606,-9.0387,-12.7305,-14.0884,-14.1727,-7.2493,-13.0992,-6.762,-13.0194,-10.2636,-7.0513,-9.6329,-10.0831,-7.9763,-9.1556,-12.137,-10.5838,-13.4879,-13.6735,-9.4747,-11.9497,-11.536,-8.8368,-7.3481,-8.8886,-12.4031,-13.9095,-12.3185,-12.3065,-9.7674,-11.3227,-13.3098,-11.7606,-8.9611,-10.9899,-13.9229,-11.0076,-9.1457,-13.0049,-15.0162,-11.5885,-11.4907,-12.8326,-10.5514,-9.0443,-9.0234,-7.744,-10.2318,-13.9783,-9.9871,-8.7594,-10.6852,-14.634,-7.2155,-9.1103,-9.5723,-10.9615,-8.8252,-13.5364,-14.0381,-13.4729,-9.1957,-12.1791,-8.088,-13.7611,-8.9687,-9.1339,-12.9028,-11.3615,-11.5241,-10.7436,-11.805,-12.8831,-8.8384,-12.0102,-14.6398,-10.9119,-12.1,-12.0494,-13.4199,-12.9978,-11.1324,-8.5101,-12.7517,-12.1469,-11.6667,-11.0435,-10.0041,-8.9232,-12.7353,-14.7818,-8.8231,-9.8884,-13.8848,-12.0118,-10.5349,-10.9114,-12.8863,-15.4541,-12.4637,-11.7128,-11.8487,-16.0735,-12.8661,-12.6997,-9.5442,-14.4532,-15.539,-9.7484,-11.2448,-13.2513,-11.8716,-9.8397,-14.9584,-7.8413,-9.8361,-11.054,-8.7677,-11.3682,-12.4375,-9.991,-9.7008,-9.3769,-7.4166,-9.4763,-12.2049,-11.9751,-11.0892,-14.6556,-14.4404,-15.1233,-14.0409,-13.7954,-11.5566,-13.0132,-9.1784,-10.852,-11.1235,-8.7155,-8.7594,-14.4132,-9.7361,-12.6739,-8.2739,-13.7993,-13.2944,-13.7588,-11.9153,-11.9752,-8.5465,-7.1752,-11.9682,-8.3799,-8.5955,-13.9248,-8.4263,-10.8483,-11.9751,-14.3644,-8.9244,-9.5069,-8.4903,-13.1866,-12.172,-12.1305,-11.8698,-9.3257,-10.2773,-12.1732,-12.6284,-7.854,-10.9504,-9.8828,-13.4225,-11.8962,-10.9651,-12.5887,-11.4194,-6.2832,-5.1801,-10.6965,-13.9032,-15.1359,-6.6362,-13.6888,-6.9795,-6.696,-7.9798,-12.7715,-10.4384,-11.5169,-10.5554,-10.2462,-7.4787,-12.6284,-10.1494,-14.9035,-7.7988,-7.4203,-11.8831,-11.9705,-9.8119,-11.1986,-12.1198,-10.1675,-12.5664,-15.708,-12.1765,-8.911,-7.5925,-12.8653,-11.627,-9.6808,-12.1107,-12.7604,-14.4781,-10.4764,-12.0901,-9.1333,-10.613,-13.9522,-13.6103,-9.2694,-12.6288,-10.7165,-9.4415,-11.2708,-8.4388,-13.7985,-12.5025,-14.2135,-11.5743,-13.3058,-13.5169,-12.758,-9.832,-13.9008,-12.9447,-11.9242,-14.2466,-8.983,-7.379,-10.3909,-7.5583,-14.5561,-8.2938,-11.8873,-11.0235,-11.5021,-12.9156,-12.8982,-12.2302,-10.1307,-12.0437,-10.3988,-13.8049,-10.2427,-10.3802,-9.9562,-7.1691,-10.8577,-6.6527,-14.5177,-8.535,-13.6765,-14.3644,-13.8415,-10.0847,-12.4253,-10.5694,-9.4112,-11.0514,-10.0165,-7.6911,-10.4403,-11.4566,-12.8071,-11.781,-8.5217,-10.6526,-8.5497,-12.3792,-11.9172,-10.3391,-8.9842,-8.7464,-14.1314,-13.629,-12.6907,-12.7778,-11.1005,-11.9332,-13.5102,-11.8981,-11.1495,-11.5124,-11.1482,-15.5457,-6.8023,-8.6347,-11.5492,-8.4502,-15.6043,-9.184,-9.7293,-13.3147,-14.5078,-14.7783,-10.5798,-9.9087,-10.5446,-13.7651,-10.5349,-8.817,-12.4193,-12.9652,-14.443,-11.4949,-12.8347,-12.8765,-13.6901,-12.2373,-13.3135,-14.3148,-12.0563,-8.9719,-6.8007,-9.9534,-11.2117,-10.1419,-8.8031,-13.662,-14.9266,-10.04,-14.9149,-11.353,-12.4262,-10.5216,-10.9841,-14.7469,-10.5817,-8.2128,-9.5513,-9.6211,-13.3083,-8.0514,-9.9123,-8.5872,-9.7139,-7.8961,-13.8285,-12.0391,-11.6578,-11.6731,-11.5579,-11.5113,-12.145,-7.0389,-14.1053,-9.3563,-7.2277,-12.2042,-9.2092,-9.0925,-8.9669,-11.2071,-12.0665,-11.4237,-12.1494,-10.2413,-12.2508,-14.7795,-12.7199,-9.2948,-11.9076,-12.2484,-11.9169,-14.5413,-13.1544,-12.1475,-13.4231,-10.478,-12.8842,-11.2109,-15.4799,-9.6401,-9.4375,-12.0622,-11.8183,-12.3426,-9.7904,-7.6327,-10.6985,-11.2894,-14.4229,-10.5917,-11.0016,-8.6444,-12.2863,-13.9214,-13.1963,-12.386,-11.9571,-14.1783,-8.074,-8.9324,-12.1859,-9.6789,-11.5307,-10.631,-7.6197,-12.6145,-11.7691,-12.7706,-14.0694,-9.3464,-13.7696
-14.9956,-13.348,-13.087,-10.8218,-11.3962,-10.0161,-9.9141,-6.0716,-11.7701,-11.9073,-9.7465,-15.1444,-14.956,-10.6111,-7.1106,-7.9627,-11.347,-16.0503,-7.1283,-11.158,-15.793,-10.6875,-12.0375,-11.5289,-11.4693,-11.8183,-11.0695,-14.3201,-13.9353,-13.9398,-9.4303,-11.7688,-14.3201,-12.9809,-16.0601,-9.8604,-9.76,-16.3453,-14.8572,-12.4146,-13.5376,-7.9201,-9.6164,-10.3827,-11.0385,-11.7724,-8.8172,-14.7724,-12.9361,-11.5464,-13.7211,-10.5216,-14.148,-10.9323,-12.9038,-9.0691,-10.656,-11.1105,-8.9342,-13.1132,-9.7514,-12.5938,-13.5193,-13.025,-11.6401,-11.3574,-9.5019,-9.3567,-12.3103,-9.4576,-8.7099,-7.9886,-11.5369,-12.5088,-13.5286,-8.6394,-8.9107,-10.5942,-11.288,-11.795,-13.6391,-9.2044,-15.2232,-10.8121,-9.1884,-14.6422,-14.8469,-11.7159,-11.193,-12.4427,-10.4031,-9.0704,-14.4387,-13.9179,-11.807,-9.9525,-13.4972,-14.9875,-15.0408,-7.9739,-13.9982,-7.5078,-13.9472,-11.045,-7.7926,-10.5441,-10.863,-8.6828,-9.9755,-12.9534,-11.5278,-14.2943,-14.6238,-10.3643,-12.7075,-12.2299,-9.7402,-8.1283,-9.7428,-13.3147,-14.7795,-13.1528,-13.1692,-10.6702,-12.2019,-14.2165,-12.6499,-9.8095,-11.913,-14.8102,-11.7341,-10.032,-13.7692,-15.9237,-12.3823,-12.3353,-13.7371,-11.4299,-9.9108,-9.8753,-8.5537,-11.0736,-14.8327,-10.7716,-9.6355,-11.348,-15.5219,-7.942,-10.0025,-10.3373,-11.8868,-9.7465,-14.3796,-14.9306,-14.3285,-9.9979,-13.0155,-8.8222,-14.6672,-9.8248,-10.0377,-13.6735,-12.156,-12.4724,-11.6339,-12.5921,-13.7818,-9.7189,-12.9138,-15.4999,-11.7018,-12.9271,-12.837,-14.3089,-13.7637,-11.9928,-9.2753,-13.5749,-12.9313,-12.4507,-11.8312,-10.8923,-9.7768,-13.532,-15.7232,-9.6292,-10.6613,-14.6989,-12.7954,-11.3099,-11.7275,-13.6996,-16.3937,-13.3106,-12.5058,-12.7722,-17.0527,-13.7586,-13.538,-10.3288,-15.3254,-16.5124,-10.5892,-12.1498,-14.1707,-12.7791,-10.7758,-15.8579,-8.5934,-10.7368,-12.0119,-9.5591,-12.2543,-13.3835,-10.8733,-10.661,-10.2773,-8.1654,-10.3746,-12.9754,-12.8952,-11.9798,-15.5711,-15.3315,-16.0654,-14.9688,-14.6518,-12.464,-13.8724,-9.942,-11.7259,-11.9396,-9.5798,-9.6613,-15.2421,-10.5252,-13.4865,-9.0071,-14.6816,-14.127,-14.6627,-12.7923,-12.7856,-9.3985,-7.9601,-12.8696,-9.202,-9.4699,-14.8135,-9.2253,-11.7048,-12.9264,-15.2009,-9.6937,-10.3779,-9.2966,-14.0765,-12.9925,-12.9628,-12.7766,-10.2102,-11.1866,-12.9794,-13.5169,-8.6657,-11.8589,-10.6983,-14.4452,-12.6275,-11.7509,-13.5447,-12.2201,-7.0514,-5.9363,-11.4821,-14.84,-15.9229,-7.3975,-14.4959,-7.7704,-7.4048,-8.809,-13.7666,-11.154,-12.3119,-11.3119,-10.9675,-8.2664,-13.5492,-11.0444,-15.8751,-8.5188,-8.1823,-12.7754,-12.7984,-10.5938,-12.0857,-12.9635,-10.9342,-13.4705,-16.5826,-12.9232,-9.644,-8.3355,-13.595,-12.4456,-10.4382,-12.8266,-13.6126,-15.363,-11.3257,-12.983,-10.048,-11.3908,-14.8162,-14.4572,-10.1711,-13.4812,-11.5691,-10.3331,-12.117,-9.1358,-14.6423,-13.3554,-15.0755,-12.418,-14.1756,-14.3545,-13.6307,-10.6418,-14.7419,-13.8084,-12.882,-15.1667,-9.8884,-8.087,-11.1895,-8.3102,-15.4658,-9.042,-12.6707,-11.8926,-12.2744,-13.7577,-13.787,-13.1588,-10.8954,-12.7908,-11.2924,-14.6577,-11.1687,-11.1627,-10.712,-7.9209,-11.7392,-7.4208,-15.4155,-9.4248,-14.6238,-15.2561,-14.7448,-10.8583,-13.2912,-11.4523,-10.2729,-11.9291,-10.8568,-8.5377,-11.2444,-12.2977,-13.6784,-12.5773,-9.3751,-11.4592,-9.4373,-13.1991,-12.6888,-11.2623,-9.8509,-9.541,-14.9982,-14.5062,-13.4796,-13.5764,-12.0151,-12.831,-14.3475,-12.7736,-11.9803,-12.3129,-11.9409,-16.4934,-7.6486,-9.453,-12.4828,-9.2151,-16.5539,-9.9964,-10.4562,-14.1629,-15.418,-15.735,-11.4765,-10.7718,-11.4737,-14.653,-11.2562,-9.684,-13.3195,-13.8961,-15.4045,-12.4237,-13.7096,-13.6263,-14.5197,-13.0855,-14.2119,-15.1559,-12.8696,-9.8523,-7.5472,-10.8662,-12.1027,-10.9845,-9.6737,-14.5302,-15.8483,-10.8861,-15.8755,-12.2592,-13.2604,-11.4218,-11.8336,-15.6439,-11.4336,-8.999,-10.4239,-10.4679,-14.1051,-8.807,-10.7429,-9.3825,-10.5488,-8.6733,-14.6869,-12.8618,-12.3766,-12.4991,-12.3516,-12.444,-12.9749,-7.8275,-15.0394,-10.128,-7.9815,-12.9772,-9.9785,-9.9223,-9.7663,-12.0977,-12.832,-12.3308,-13.0493,-10.9773,-13.1289,-15.6459,-13.451,-10.1614,-12.6739,-13.1559,-12.7186,-15.4796,-14.0155,-13.0953,-14.3246,-11.3227,-13.8062,-12.1003,-16.3999,-10.4353,-10.294,-12.9664,-12.6369,-13.2143,-10.529,-8.4101,-11.5253,-12.1838,-15.274,-11.4164,-11.7621,-9.4674,-13.0784,-14.7518,-14.1036,-13.1944,-12.6802,-15.0282,-8.8418,-9.6711,-12.9791,-10.4297,-12.3545,-11.4213,-8.3639,-13.513,-12.5403,-13.6389,-14.9388,-10.0473,-14.6632
-15.8761,-14.2152,-14.0173,-11.739,-12.2233,-10.9513,-10.8123,-6.8385,-12.6516,-12.7648,-10.6018,-16.0,-15.7663,-11.5061,-7.9329,-8.692,-12.1924,-17.006,-7.8217,-12.0084,-16.7112,-11.4803,-12.81,-12.5073,-12.2244,-12.6487,-11.9699,-15.1581,-14.8212,-14.7925,-10.1576,-12.4629,-15.1807,-13.8776,-16.9383,-10.6259,-10.6264,-17.2277,-15.6842,-13.3124,-14.3623,-8.6275,-10.4689,-11.1919,-11.773,-12.6057,-9.6173,-15.6217,-13.7466,-12.4191,-14.5647,-11.3918,-14.9723,-11.8529,-13.7002,-9.8737,-11.4055,-11.8841,-9.7195,-13.9583,-10.4784,-13.3518,-14.3377,-13.8191,-12.4777,-12.1732,-10.2533,-10.1811,-13.0995,-10.2102,-9.5003,-8.7375,-12.3646,-13.348,-14.285,-9.4304,-9.6593,-11.5092,-12.0633,-12.5713,-14.5435,-9.9764,-16.14,-11.6146,-9.9414,-15.541,-15.7237,-12.6436,-12.0133,-13.2078,-11.2039,-9.8709,-15.2308,-14.686,-12.5241,-10.8462,-14.2368,-15.9233,-15.9085,-8.7031,-14.8841,-8.2573,-14.8656,-11.7972,-8.5057,-11.4204,-11.6313,-9.435,-10.7618,-13.8353,-12.3817,-15.0198,-15.5292,-11.2324,-13.4445,-13.0053,-10.5809,-8.8589,-10.5951,-14.2103,-15.6269,-13.9669,-14.0057,-11.56,-13.069,-15.0828,-13.5286,-10.6573,-12.8128,-15.6668,-12.465,-10.9093,-14.5269,-16.8389,-13.1456,-13.1587,-14.6197,-12.2464,-10.7881,-10.6794,-9.3351,-11.8702,-15.6371,-11.5536,-10.4655,-12.0683,-16.3941,-8.6563,-10.8544,-11.1019,-12.7987,-10.6381,-15.2368,-15.8316,-15.1759,-10.7707,-13.8551,-9.5498,-15.5353,-10.6669,-10.9304,-14.4254,-12.9378,-13.3518,-12.4932,-13.3404,-14.6381,-10.5414,-13.7831,-16.3355,-12.4427,-13.7545,-13.6078,-15.171,-14.5421,-12.8276,-10.0215,-14.3763,-13.7369,-13.2069,-12.6063,-11.725,-10.6403,-14.3132,-16.7074,-10.4003,-11.4087,-15.518,-13.5635,-12.0513,-12.5226,-14.4947,-17.3217,-14.1531,-13.2885,-13.6857,-18.014,-14.6458,-14.3306,-11.0834,-16.2751,-17.4627,-11.3935,-13.03,-15.068,-13.6649,-11.7105,-16.7701,-9.302,-11.5966,-12.9608,-10.3182,-13.2296,-14.2752,-11.7529,-11.611,-11.154,-8.8971,-11.2696,-13.7206,-13.8045,-12.8786,-16.4861,-16.2218,-16.957,-15.8883,-15.49,-13.3478,-14.7184,-10.6875,-12.6012,-12.7742,-10.4181,-10.5092,-16.0797,-11.3157,-14.3152,-9.5789,-15.535,-14.9413,-15.5461,-13.6387,-13.5739,-10.2648,-8.7419,-13.7371,-10.0544,-10.3044,-15.5861,-10.0113,-12.533,-13.874,-16.0024,-10.4951,-11.2233,-10.1461,-14.9818,-13.7909,-13.7652,-13.6323,-11.064,-12.0603,-13.7759,-14.3848,-9.4073,-12.7306,-11.5388,-15.4367,-13.3305,-12.5405,-14.4836,-13.0557,-7.8388,-6.6355,-12.2446,-15.7641,-16.9759,-8.1294,-15.3023,-8.5191,-8.1083,-9.6347,-14.7406,-11.8248,-13.1207,-12.0465,-11.6729,-9.0304,-14.4417,-11.9187,-16.7946,-9.2151,-8.9588,-13.6378,-13.5822,-11.3483,-12.9992,-13.7968,-11.6686,-14.3552,-17.4895,-13.6595,-10.3354,-9.114,-14.3032,-13.2439,-11.1513,-13.5273,-14.4505,-16.2185,-12.153,-13.8685,-10.9435,-12.1443,-15.6964,-15.2836,-11.064,-14.3399,-12.4098,-11.1941,-12.9434,-9.8369,-15.5064,-14.173,-15.9122,-13.2195,-15.0147,-15.1521,-14.4545,-11.4546,-15.5905,-14.6393,-13.8319,-16.0855,-10.7867,-8.7737,-11.9658,-9.0342,-16.3526,-9.7781,-13.3942,-12.7579,-13.0374,-14.5958,-14.6709,-14.054,-11.6509,-13.5104,-12.1615,-15.4671,-12.0625,-11.8971,-11.4515,-8.6679,-12.6061,-8.1672,-16.3023,-10.3165,-15.5473,-16.1301,-15.6545,-11.6433,-14.2347,-12.3044,-11.1075,-12.7996,-11.6835,-9.3647,-12.046,-13.0932,-14.523,-13.3354,-10.2064,-12.2499,-10.309,-13.9815,-13.4668,-12.1493,-10.6846,-10.3612,-15.8682,-15.3624,-14.2842,-14.3408,-12.9151,-13.6954,-15.1602,-13.6735,-12.785,-13.1648,-12.7108,-17.414,-8.4755,-10.2412,-13.3938,-9.9721,-17.475,-10.7806,-11.2274,-14.9877,-16.2988,-16.6671,-12.3528,-11.6296,-12.3668,-15.5301,-11.9767,-10.5249,-14.1871,-14.7574,-16.3416,-13.3322,-14.5718,-14.351,-15.3492,-13.9209,-15.0959,-15.9978,-13.6783,-10.718,-8.286,-11.7666,-12.9449,-11.7851,-10.5294,-15.363,-16.7355,-11.7108,-16.8443,-13.1501,-14.0778,-12.3088,-12.6605,-16.5424,-12.2807,-9.8219,-11.2924,-11.2981,-14.8947,-9.5611,-11.5244,-10.1714,-11.367,-9.4569,-15.5344,-13.6665,-13.1841,-13.2857,-13.1371,-13.3478,-13.7352,-8.5728,-15.9488,-10.8646,-8.6961,-13.7401,-10.7395,-10.7478,-10.5269,-12.9784,-13.5889,-13.2308,-13.9387,-11.7042,-13.9962,-16.4805,-14.1553,-11.0543,-13.4077,-14.054,-13.4877,-16.4155,-14.856,-14.0302,-15.1937,-12.163,-14.7166,-12.9677,-17.3077,-11.2264,-11.094,-13.8487,-13.4327,-14.0849,-11.2858,-9.1473,-12.3441,-13.1003,-16.1005,-12.1162,-12.5079,-10.2328,-13.8279,-15.5609,-14.9918,-13.9888,-13.4353,-15.8452,-9.6046,-10.3945,-13.7634,-11.1598,-13.156,-12.1869,-9.09,-14.413,-13.2925,-14.536,-15.8132,-10.757,-15.5644
-16.7404,-15.0936,-14.944,-12.638,-13.0546,-11.8365,-11.7099,-7.559,-13.5439,-13.603,-11.4305,-16.8393,-16.5898,-12.375,-8.7533,-9.3542,-13.0468,-17.9093,-8.5103,-12.8438,-17.6256,-12.2711,-13.5506,-13.4771,-12.9959,-13.467,-12.8574,-16.0065,-15.7263,-15.6513,-10.8849,-13.1615,-16.033,-14.784,-17.8227,-11.4648,-11.535,-18.0792,-16.5208,-14.1935,-15.2009,-9.3378,-11.2959,-12.0102,-12.535,-13.4325,-10.3912,-16.4894,-14.5679,-13.2309,-15.413,-12.2526,-15.8254,-12.836,-14.5081,-10.6999,-12.1644,-12.6551,-10.5004,-14.8047,-11.2136,-14.1136,-15.1638,-14.6138,-13.3356,-12.9938,-11.0307,-11.0135,-13.8909,-10.9801,-10.2994,-9.4899,-13.1827,-14.1898,-15.046,-10.2224,-10.403,-12.4163,-12.8768,-13.3553,-15.4364,-10.768,-17.0577,-12.4137,-10.6997,-16.4543,-16.6259,-13.5744,-12.8113,-13.9814,-12.0269,-10.6313,-16.0279,-15.463,-13.2297,-11.7437,-14.9728,-16.8207,-16.7866,-9.4365,-15.7697,-8.9928,-15.7855,-12.5605,-9.2133,-12.3188,-12.403,-10.1814,-11.5607,-14.6585,-13.257,-15.7745,-16.4801,-12.1101,-14.1956,-13.697,-11.4728,-9.6347,-11.4339,-15.1286,-16.479,-14.786,-14.8628,-12.438,-13.9218,-15.9514,-14.4011,-11.4774,-13.7009,-16.5506,-13.1808,-11.8074,-15.2892,-17.7424,-13.9347,-14.0039,-15.5189,-13.1285,-11.6547,-11.5232,-10.1473,-12.6921,-16.4453,-12.3214,-11.3263,-12.7648,-17.285,-9.3703,-11.7422,-11.8621,-13.7127,-11.5369,-16.0694,-16.7042,-16.0026,-11.5441,-14.6941,-10.2773,-16.4229,-11.5147,-11.8434,-15.1762,-13.7105,-14.2546,-13.3699,-14.0942,-15.4976,-11.3692,-14.6736,-17.1791,-13.2086,-14.5541,-14.3763,-16.0313,-15.3015,-13.6824,-10.7727,-15.1772,-14.5682,-13.9878,-13.4012,-12.5799,-11.4489,-15.0884,-17.7102,-11.2091,-12.1624,-16.3198,-14.3122,-12.8061,-13.3192,-15.2935,-18.2688,-14.9628,-14.0838,-14.5935,-18.993,-15.5367,-15.1451,-11.8533,-17.1488,-18.4119,-12.2119,-13.9057,-15.9694,-14.5763,-12.6294,-17.6723,-10.0503,-12.4963,-13.9081,-11.09,-14.1141,-15.2095,-12.6284,-12.556,-12.0413,-9.6302,-12.1565,-14.4874,-14.692,-13.765,-17.3928,-17.0864,-17.8684,-16.8016,-16.3229,-14.2414,-15.5625,-11.4497,-13.4735,-13.5978,-11.2638,-11.4025,-16.9357,-12.1146,-15.1344,-10.3296,-16.3958,-15.7623,-16.4556,-14.4915,-14.3696,-11.1087,-9.5134,-14.6341,-10.8872,-11.173,-16.4831,-10.8004,-13.3747,-14.8119,-16.8207,-11.2218,-12.0617,-10.935,-15.8449,-14.5924,-14.5638,-14.4992,-11.9027,-12.9164,-14.6008,-15.2752,-10.1987,-13.6338,-12.3629,-16.4426,-14.0552,-13.3062,-15.4272,-13.8596,-8.6143,-7.4131,-13.0251,-16.6956,-17.9433,-8.8748,-16.1268,-9.301,-8.8317,-10.4552,-15.7418,-12.5439,-13.9007,-12.7832,-12.3823,-9.8246,-15.3563,-12.8051,-17.7664,-9.9333,-9.7343,-14.4934,-14.3807,-12.1148,-13.8865,-14.6546,-12.4122,-15.2211,-18.3593,-14.3991,-11.0397,-9.8658,-15.0233,-14.0504,-11.8925,-14.2306,-15.3294,-17.0963,-12.9934,-14.7606,-11.8461,-12.9469,-16.5664,-16.101,-11.9608,-15.195,-13.2489,-12.0792,-13.8325,-10.5122,-16.3526,-15.017,-16.767,-14.0397,-15.8826,-16.0026,-15.3654,-12.2495,-16.4322,-15.4745,-14.8019,-17.0043,-11.7053,-9.4866,-12.7605,-9.7823,-17.2514,-10.5369,-14.1428,-13.6356,-13.7903,-15.4336,-15.5668,-14.9747,-12.4201,-14.2678,-13.0511,-16.332,-12.9944,-12.666,-12.1913,-9.4069,-13.467,-8.9312,-17.1791,-11.1878,-16.4934,-17.0229,-16.5534,-12.4345,-15.2049,-13.1667,-11.9565,-13.671,-12.5321,-10.2102,-12.8401,-13.9248,-15.3749,-14.1132,-11.0408,-13.0464,-11.1734,-14.7867,-14.2289,-13.0394,-11.5379,-11.164,-16.7367,-16.2333,-15.0709,-15.1184,-13.8082,-14.5421,-15.9715,-14.5505,-13.6216,-13.9785,-13.5074,-18.3389,-9.3153,-11.0476,-14.326,-10.7213,-18.3991,-11.5756,-11.9406,-15.8484,-17.2125,-17.5987,-13.244,-12.4762,-13.2781,-16.4232,-12.6851,-11.3931,-15.0706,-15.6623,-17.2899,-14.2278,-15.4477,-15.0764,-16.1813,-14.7681,-15.9884,-16.8418,-14.4995,-11.585,-9.0169,-12.6777,-13.8235,-12.6017,-11.4177,-16.1889,-17.6415,-12.5664,-17.8029,-14.0334,-14.9076,-13.1872,-13.5063,-17.4516,-13.112,-10.6205,-12.1569,-12.1332,-15.6963,-10.2844,-12.3472,-10.9345,-12.2064,-10.2358,-16.3706,-14.4781,-13.8709,-14.0948,-13.9207,-14.2363,-14.5406,-9.3348,-16.8471,-11.6267,-9.4535,-14.5034,-11.5036,-11.5774,-11.3121,-13.858,-14.3305,-14.1318,-14.8379,-12.4132,-14.8592,-17.3357,-14.8686,-11.9355,-14.1648,-14.927,-14.2817,-17.3348,-15.7325,-14.965,-16.0935,-13.0203,-15.6044,-13.8497,-18.2168,-12.0051,-11.9766,-14.7395,-14.2331,-14.966,-12.0472,-9.9113,-13.1602,-14.0077,-16.9321,-12.9379,-13.2683,-11.0747,-14.5984,-16.3845,-15.8921,-14.7795,-14.2387,-16.6832,-10.3784,-11.1229,-14.5421,-11.9033,-13.9655,-12.9458,-9.8244,-15.2948,-14.0492,-15.4297,-16.6578,-11.4678,-16.456
-17.6178,-15.9744,-15.8815,-13.5602,-13.8794,-12.7418,-12.6111,-8.3065,-14.4433,-14.4539,-12.2217,-17.6794,-17.4005,-13.2489,-9.6045,-10.0503,-13.9123,-18.8376,-9.221,-13.7044,-18.5389,-13.0685,-14.306,-14.4581,-13.7759,-14.3192,-13.7403,-16.848,-16.6274,-16.5254,-11.6219,-13.8546,-16.9024,-15.6818,-18.7056,-12.3214,-12.408,-18.9516,-17.354,-15.0781,-16.0333,-10.0528,-12.1704,-12.8283,-13.3179,-14.2946,-11.2056,-17.3457,-15.3801,-14.0872,-16.2507,-13.1082,-16.6622,-13.7388,-15.3155,-11.4994,-12.9221,-13.4118,-11.2793,-15.6482,-11.9247,-14.8609,-15.9988,-15.4108,-14.1844,-13.8102,-11.8302,-11.8319,-14.6812,-11.7423,-11.0883,-10.2472,-13.9979,-14.9565,-15.8048,-11.0316,-11.1703,-13.3262,-13.6611,-14.1299,-16.3813,-11.5277,-17.9881,-13.2156,-11.4602,-17.3759,-17.5182,-14.5171,-13.6258,-14.747,-12.8361,-11.4164,-16.8453,-16.2539,-13.9775,-12.6451,-15.7054,-17.7499,-17.6528,-10.1669,-16.6598,-9.7512,-16.7095,-13.319,-9.941,-13.2182,-13.1822,-10.945,-12.3827,-15.5414,-14.1802,-16.5578,-17.3807,-13.0041,-14.9449,-14.4266,-12.3484,-10.3876,-12.2506,-16.0379,-17.3187,-15.588,-15.7156,-13.3238,-14.7976,-16.8367,-15.2873,-12.3172,-14.6012,-17.4276,-13.9057,-12.6989,-16.0363,-18.6397,-14.725,-14.8472,-16.3937,-13.9616,-12.547,-12.3643,-10.952,-13.5149,-17.2491,-13.098,-12.1651,-13.463,-18.1654,-10.0964,-12.6146,-12.6191,-14.6312,-12.4469,-16.9163,-17.5612,-16.82,-12.3243,-15.5264,-11.01,-17.3182,-12.3483,-12.7347,-15.9563,-14.4855,-15.1641,-14.2435,-14.8749,-16.358,-12.2102,-15.5519,-18.0214,-13.9663,-15.3751,-15.1597,-16.9018,-16.0784,-14.5424,-11.5239,-15.9887,-15.3972,-14.7592,-14.1858,-13.4297,-12.4362,-15.862,-18.6727,-11.9823,-12.8883,-17.0995,-15.0401,-13.5951,-14.1131,-16.0981,-19.2004,-15.7966,-14.861,-15.5182,-19.9632,-16.4265,-15.9564,-12.6117,-18.0941,-19.361,-13.0167,-14.7916,-16.87,-15.4683,-13.5782,-18.5824,-10.7922,-13.3929,-14.8601,-11.8443,-15.1272,-16.1376,-13.5234,-13.5133,-12.9155,-10.3763,-13.044,-15.2299,-15.6169,-14.657,-18.3237,-17.9873,-18.7866,-17.7163,-17.154,-15.1306,-16.4115,-12.2128,-14.335,-14.4185,-12.1214,-12.2706,-17.8033,-12.9003,-15.96,-11.2861,-17.2723,-16.5826,-17.3614,-15.3544,-15.1602,-11.96,-10.3005,-15.5061,-11.7428,-12.0193,-17.3382,-11.5819,-14.2154,-15.7517,-17.6343,-12.029,-12.8952,-11.792,-16.7445,-15.385,-15.3793,-15.3663,-12.7512,-13.819,-15.4038,-16.1509,-11.0051,-14.5213,-13.2048,-17.451,-14.7786,-14.0991,-16.3634,-14.6871,-9.3883,-8.149,-13.8186,-17.6134,-19.0076,-9.6252,-16.9316,-10.0617,-9.5548,-11.2826,-16.7082,-13.233,-14.6845,-13.5402,-13.1024,-10.5946,-16.247,-13.6906,-18.7113,-10.6431,-10.5106,-15.3585,-15.1759,-12.8878,-14.7726,-15.4763,-13.1669,-16.1173,-19.2328,-15.137,-11.7283,-10.6106,-15.7417,-14.8462,-12.6179,-14.9311,-16.1778,-17.9728,-13.825,-15.636,-12.7368,-13.7394,-17.4336,-16.9152,-12.8512,-16.0484,-14.1016,-12.9605,-14.6692,-11.2159,-17.2351,-15.8436,-17.6022,-14.8616,-16.7263,-16.7897,-16.1727,-13.0537,-17.2417,-16.3517,-15.6971,-17.9135,-12.6209,-10.2007,-13.558,-10.5342,-18.1601,-11.3014,-14.885,-14.5235,-14.5431,-16.2687,-16.4781,-15.8822,-13.1863,-14.9947,-13.9554,-17.1843,-13.9111,-13.4428,-12.9415,-10.1515,-14.3408,-9.7057,-18.0678,-12.0748,-17.4231,-17.8985,-17.4754,-13.2017,-16.1012,-14.0264,-12.8203,-14.543,-13.3787,-11.0395,-13.6515,-14.7337,-16.2226,-14.8766,-11.8952,-13.8354,-12.03,-15.5792,-14.9861,-13.9384,-12.3687,-11.9585,-17.5975,-17.0966,-15.8756,-15.8901,-14.7076,-15.3987,-16.798,-15.4075,-14.4406,-14.7927,-14.2587,-19.2573,-10.1508,-11.8504,-15.2437,-11.4751,-19.3155,-12.3606,-12.7155,-16.683,-18.1123,-18.5438,-14.1152,-13.354,-14.1641,-17.3011,-13.4085,-12.2558,-15.9359,-16.5443,-18.2351,-15.1326,-16.3234,-15.8117,-17.0152,-15.5953,-16.8748,-17.6942,-15.3124,-12.4657,-9.7681,-13.5958,-14.7035,-13.4174,-12.2807,-17.0201,-18.5386,-13.404,-18.7718,-14.9241,-15.7406,-14.0927,-14.3373,-18.3634,-13.9481,-11.4881,-13.0199,-12.9632,-16.4855,-11.018,-13.1609,-11.7203,-13.0443,-11.0277,-17.2351,-15.2944,-14.6568,-14.882,-14.7176,-15.1396,-15.3386,-10.0505,-17.7761,-12.3615,-10.189,-15.2717,-12.2704,-12.3946,-12.1008,-14.7358,-15.058,-15.0411,-15.7458,-13.1331,-15.7199,-18.1816,-15.5648,-12.8341,-14.9188,-15.8036,-15.0581,-18.2717,-16.5593,-15.9113,-16.9776,-13.8829,-16.5015,-14.7279,-19.1163,-12.8087,-12.7683,-15.6473,-15.0527,-15.832,-12.8035,-10.6639,-14.0032,-14.9418,-17.7563,-13.6705,-14.0268,-11.8846,-15.3811,-17.2163,-16.7915,-15.5885,-14.9464,-17.5223,-11.123,-11.8317,-15.3243,-12.6479,-14.7749,-13.7272,-10.5627,-16.179,-14.8015,-16.3216,-17.5157,-12.1765,-17.3366
-18.5033,-16.8746,-16.8392,-14.4785,-14.7203,-13.641,-13.4937,-9.0531,-15.3521,-15.3128,-13.0582,-18.5458,-18.2388,-14.1306,-10.4485,-10.7721,-14.7834,-19.7792,-9.9201,-14.5342,-19.4506,-13.8635,-15.0699,-15.4427,-14.5491,-15.1557,-14.6484,-17.6974,-17.5237,-17.4042,-12.3586,-14.5627,-17.7682,-16.5833,-19.6009,-13.123,-13.3121,-19.8299,-18.1918,-15.9851,-16.87,-10.7697,-13.0257,-13.6576,-14.1074,-15.1799,-12.0157,-18.2159,-16.2133,-14.9318,-17.1079,-13.9793,-17.5008,-14.6933,-16.1276,-12.3278,-13.681,-14.1852,-12.0604,-16.4934,-12.6721,-15.633,-16.832,-16.2151,-15.0454,-14.6438,-12.5885,-12.6684,-15.4735,-12.5207,-11.8967,-11.0117,-14.8233,-15.771,-16.5787,-11.8297,-11.936,-14.2408,-14.4635,-14.9159,-17.3056,-12.3071,-18.9175,-14.0323,-12.2263,-18.3028,-18.4126,-15.467,-14.4418,-15.5135,-13.6609,-12.2103,-17.6671,-17.0649,-14.7265,-13.56,-16.4462,-18.6713,-18.5324,-10.9088,-17.5485,-10.52,-17.6521,-14.096,-10.6682,-14.1372,-13.9769,-11.7089,-13.203,-16.4609,-15.1226,-17.2849,-18.3654,-13.8885,-15.708,-15.1037,-13.2362,-11.1527,-13.0894,-16.9555,-18.1623,-16.4018,-16.5873,-14.2024,-15.6755,-17.7146,-16.1781,-13.1757,-15.4886,-18.3047,-14.6412,-13.6019,-16.7945,-19.554,-15.5264,-15.708,-17.2954,-14.8286,-13.4478,-13.225,-11.7774,-14.3408,-18.0642,-13.8907,-13.0169,-14.1529,-19.0519,-10.8219,-13.4968,-13.3806,-15.5742,-13.362,-17.763,-18.4187,-17.6852,-13.0992,-16.3664,-11.7419,-18.2165,-13.2021,-13.6387,-16.7219,-15.2687,-16.0758,-15.132,-15.6304,-17.2244,-13.0566,-16.4438,-18.8731,-14.7303,-16.1936,-15.938,-17.7767,-16.8503,-15.3962,-12.2799,-16.7984,-16.2129,-15.5414,-14.9767,-14.2721,-13.34,-16.646,-19.6445,-12.7667,-13.6101,-17.903,-15.7968,-14.381,-14.9129,-16.901,-20.1356,-16.5712,-15.6527,-16.4489,-20.9388,-17.3244,-16.7726,-13.3827,-19.0129,-20.3195,-13.8445,-15.6761,-17.7731,-16.3827,-14.5372,-19.4941,-11.5429,-14.2925,-15.8159,-12.6142,-16.0736,-17.074,-14.4312,-14.4748,-13.8041,-11.1178,-13.9398,-15.9855,-16.5394,-15.5621,-19.2642,-18.8797,-19.7098,-18.654,-17.9909,-16.0205,-17.2725,-12.9876,-15.2105,-15.2389,-13.0123,-13.1557,-18.6402,-13.6925,-16.7838,-12.1751,-18.1459,-17.4038,-18.2835,-16.2235,-15.96,-12.8127,-11.0917,-16.4004,-12.5995,-12.8744,-18.2309,-12.3797,-15.0693,-16.6956,-18.4586,-12.7926,-13.7414,-12.6384,-17.6501,-16.1805,-16.1946,-16.2426,-13.6113,-14.6999,-16.2351,-17.0423,-11.8401,-15.4213,-14.06,-18.4447,-15.5106,-14.8853,-17.2982,-15.5124,-10.1642,-8.899,-14.6008,-18.5502,-20.0226,-10.3816,-17.7451,-10.8426,-10.2939,-12.1265,-17.6912,-13.9418,-15.4913,-14.2982,-13.8275,-11.3791,-17.16,-14.58,-19.678,-11.3644,-11.2944,-16.2378,-15.9894,-13.6735,-15.6773,-16.3168,-13.9219,-17.0023,-20.1177,-15.8752,-12.4447,-11.3889,-16.4777,-15.6525,-13.3554,-15.6319,-17.035,-18.8669,-14.6694,-16.5309,-13.6452,-14.5281,-18.3198,-17.7475,-13.7577,-16.9187,-14.9457,-13.844,-15.5355,-11.9202,-18.0954,-16.6732,-18.4357,-15.6918,-17.595,-17.6132,-17.0098,-13.8745,-18.0893,-17.2006,-16.6382,-18.844,-13.5403,-10.9275,-14.3751,-11.3015,-19.0853,-12.0853,-15.6351,-15.4216,-15.3171,-17.1174,-17.4025,-16.8075,-13.969,-15.7362,-14.8599,-18.0575,-14.8269,-14.227,-13.6942,-10.906,-15.2105,-10.4825,-18.9609,-12.9743,-18.3559,-18.7826,-18.3937,-13.9896,-16.9249,-14.8988,-13.6798,-15.4191,-14.2293,-11.8903,-14.4602,-15.5409,-17.0837,-15.6535,-12.7536,-14.6394,-12.9132,-16.3633,-15.7602,-14.8378,-13.2139,-12.7664,-18.4707,-17.9699,-16.6818,-16.6662,-15.6102,-16.2619,-17.626,-16.2133,-15.2658,-15.6192,-15.0158,-20.1801,-11.0044,-12.6383,-16.1688,-12.2392,-20.2405,-13.1575,-13.4789,-17.5442,-19.0237,-19.4942,-14.9993,-14.2306,-15.0656,-18.1895,-14.1423,-13.1289,-16.8297,-17.4495,-19.1941,-16.051,-17.1976,-16.5599,-17.8627,-16.437,-17.7781,-18.5618,-16.14,-13.3518,-10.5228,-14.5155,-15.5813,-14.2247,-13.1738,-17.8598,-19.4469,-14.2633,-19.7433,-15.8274,-16.5828,-14.9968,-15.1774,-19.2873,-14.794,-12.3062,-13.8964,-13.8027,-17.2908,-11.743,-13.9953,-12.5115,-13.884,-11.8318,-18.0916,-16.1253,-15.3911,-15.6827,-15.5189,-16.0374,-16.1473,-10.7921,-18.7007,-13.0998,-10.9379,-16.0407,-13.0582,-13.2387,-12.8881,-15.6243,-15.8155,-15.9695,-16.6715,-13.8372,-16.5831,-19.0136,-16.2658,-13.7336,-15.6784,-16.6818,-15.8363,-19.2454,-17.4126,-16.8752,-17.8818,-14.7483,-17.3924,-15.619,-20.0242,-13.6225,-13.5967,-16.5591,-15.8789,-16.689,-13.5917,-11.4151,-14.8569,-15.8731,-18.5854,-14.4365,-14.7949,-12.7215,-16.1694,-18.0604,-17.6957,-16.4066,-15.708,-18.3677,-11.8759,-12.5539,-16.1223,-13.4047,-15.5967,-14.5186,-11.3156,-17.0559,-15.5821,-17.2163,-18.3665,-12.9082,-18.2293
-19.3828,-17.7424,-17.7781,-15.4051,-15.554,-14.5309,-14.3863,-9.8033,-16.2463,-16.1696,-13.8962,-19.3836,-19.0588,-15.0024,-11.2636,-11.4875,-15.6428,-20.6969,-10.6061,-15.3939,-20.3499,-14.6368,-15.8253,-16.4166,-15.3105,-15.9811,-15.5259,-18.5488,-18.4289,-18.2699,-13.1075,-15.2654,-18.6253,-17.4914,-20.4747,-13.8637,-14.1776,-20.6855,-19.029,-16.869,-17.7013,-11.4858,-13.8721,-14.4727,-14.8826,-16.0259,-12.8159,-19.0755,-17.023,-15.7759,-17.9442,-14.8444,-18.326,-15.6746,-16.9367,-13.1383,-14.4281,-14.9492,-12.8389,-17.3434,-13.3882,-16.3937,-17.6613,-17.0053,-15.8986,-15.4771,-13.3988,-13.4912,-16.2701,-13.2915,-12.7044,-11.7693,-15.6395,-16.5773,-17.3484,-12.6314,-12.6795,-15.1475,-15.2658,-15.694,-18.1611,-13.0745,-19.8397,-14.8239,-12.9866,-19.2152,-19.3086,-16.3818,-15.2376,-16.2713,-14.4736,-12.9852,-18.4824,-17.8472,-15.4375,-14.4743,-17.1825,-19.5772,-19.4282,-11.658,-18.4248,-11.3023,-18.5745,-14.8638,-11.3806,-15.0294,-14.7499,-12.4498,-14.0177,-17.2454,-16.0373,-18.1005,-19.2337,-14.7827,-16.4556,-15.9026,-14.1045,-11.9087,-13.9213,-17.8813,-19.0058,-17.2241,-17.4073,-15.0726,-16.5275,-18.5871,-17.068,-14.0082,-16.3611,-19.1561,-15.3511,-14.5011,-17.5712,-20.4467,-16.309,-16.549,-18.2138,-15.6978,-14.31,-14.0787,-12.5867,-15.1712,-18.8496,-14.6666,-13.8539,-14.8492,-19.9189,-11.537,-14.3683,-14.1372,-16.4833,-14.2664,-18.6089,-19.3158,-18.4158,-13.8675,-17.1894,-12.4757,-19.1017,-14.0409,-14.5464,-17.4874,-16.0491,-16.9753,-15.9994,-16.3811,-18.1307,-13.907,-17.3207,-19.6992,-15.4969,-16.9996,-16.7013,-18.6452,-17.6196,-16.2392,-13.0211,-17.6025,-17.0359,-16.3243,-15.7583,-15.1038,-14.1886,-17.4136,-20.6057,-13.5341,-14.3678,-18.6985,-16.6128,-15.1636,-15.6936,-17.7003,-21.0777,-17.4553,-16.435,-17.3515,-21.9152,-18.2152,-17.5716,-14.1469,-19.8895,-21.27,-14.6406,-16.5504,-18.6638,-17.2635,-15.4876,-20.4097,-12.2679,-15.1675,-16.759,-13.3692,-16.9407,-17.992,-15.3081,-15.4228,-14.6797,-11.8437,-14.8129,-16.7532,-17.3948,-16.4502,-20.1895,-19.7487,-20.6072,-19.5778,-18.8297,-16.9015,-18.1096,-13.7336,-16.073,-16.066,-13.8548,-14.0276,-19.5022,-14.4795,-17.6037,-13.2742,-18.9973,-18.215,-19.1809,-17.0591,-16.7596,-13.6632,-11.8748,-17.2875,-13.4336,-13.7386,-19.0821,-13.1652,-15.9236,-17.63,-19.2536,-13.4793,-14.5746,-13.5064,-18.5223,-16.9414,-17.0005,-17.1106,-14.4412,-15.5763,-17.0454,-17.9018,-12.657,-16.307,-14.8944,-19.4303,-16.2382,-15.6616,-18.199,-16.3318,-10.9445,-9.6501,-15.4579,-19.4712,-20.8802,-11.1479,-18.5201,-11.6025,-11.0113,-12.9547,-18.666,-14.6627,-16.2835,-15.0556,-14.5554,-12.1716,-18.0642,-15.4674,-20.6045,-12.0909,-12.0895,-17.0993,-16.7804,-14.4204,-16.5647,-17.1603,-14.6558,-17.8788,-20.9957,-16.6177,-13.1222,-12.1442,-17.197,-16.453,-14.0924,-16.3326,-17.8903,-19.7392,-15.4946,-17.443,-14.5421,-15.3211,-19.186,-18.5729,-14.6505,-17.7979,-15.7816,-14.7269,-16.4068,-12.6144,-18.9802,-17.4979,-19.3017,-16.4972,-18.4361,-18.4474,-17.9064,-14.6885,-18.9449,-18.0509,-17.5958,-19.7563,-14.4631,-11.6478,-15.1779,-12.0537,-20.0064,-12.8596,-16.3953,-16.3129,-16.0714,-17.9608,-18.3091,-17.732,-14.7427,-16.4688,-15.779,-18.9327,-15.7426,-15.0028,-14.4383,-11.6452,-16.0851,-11.2611,-19.8407,-13.8466,-19.3074,-19.6753,-19.3057,-14.7921,-17.8691,-15.7542,-14.5403,-16.2944,-15.0774,-12.7216,-15.2677,-16.3614,-17.9398,-16.4035,-13.5882,-15.444,-13.7768,-17.1491,-16.5272,-15.717,-14.0483,-13.565,-19.3344,-18.8381,-17.474,-17.4439,-16.4967,-17.1082,-18.4269,-17.1449,-16.0834,-16.4181,-15.7704,-21.1004,-11.832,-13.4347,-17.0853,-12.9988,-21.1627,-13.9605,-14.2107,-18.3958,-19.9221,-20.4323,-15.8804,-15.0758,-15.9701,-19.0524,-14.8753,-14.0161,-17.7305,-18.3071,-20.1311,-16.9443,-18.0708,-17.3033,-18.7138,-17.2729,-18.6821,-19.4269,-16.9585,-14.2291,-11.278,-15.4354,-16.4573,-15.036,-14.0627,-18.6999,-20.3334,-15.1146,-20.6953,-16.7032,-17.4281,-15.9017,-16.0039,-20.1981,-15.6156,-13.0529,-14.7484,-14.6299,-18.0642,-12.4977,-14.8182,-13.2836,-14.7225,-12.6232,-18.946,-16.9372,-16.0677,-16.4748,-16.3233,-16.9311,-16.9555,-11.5533,-19.6315,-13.8402,-11.6865,-16.7823,-13.8308,-14.0662,-13.678,-16.4747,-16.5342,-16.8974,-17.5846,-14.5439,-17.438,-19.8494,-16.9504,-14.6169,-16.4415,-17.5663,-16.6019,-20.1677,-18.2355,-17.8058,-18.7862,-15.6064,-18.277,-16.4901,-20.9122,-14.4185,-14.4361,-17.4672,-16.6908,-17.5415,-14.3596,-12.1579,-15.6989,-16.8171,-19.4153,-15.2782,-15.5582,-13.5536,-16.9555,-18.8914,-18.5944,-17.2135,-16.3893,-19.2001,-12.6275,-13.2785,-16.9277,-14.1686,-16.4194,-15.2976,-12.0583,-17.9357,-16.334,-18.1313,-19.2069,-13.6383,-19.0988
-20.2622,-18.6296,-18.7174,-16.3092,-16.3833,-15.4506,-15.275,-10.5698,-17.1559,-17.0144,-14.7181,-20.2277,-19.891,-15.8805,-12.115,-12.183,-16.511,-21.6118,-11.3102,-16.2356,-21.2474,-15.4254,-16.5642,-17.3945,-16.0885,-16.8259,-16.429,-19.3936,-19.3295,-19.1514,-13.836,-15.964,-19.4765,-18.3733,-21.3597,-14.6849,-15.0762,-21.5628,-19.859,-17.7653,-18.5358,-12.2037,-14.7336,-15.2813,-15.6045,-16.8912,-13.65,-19.9287,-17.8524,-16.6285,-18.7908,-15.6878,-19.1699,-16.5604,-17.7384,-13.9531,-15.1866,-15.7264,-13.6241,-18.1906,-14.1255,-17.1589,-18.4856,-17.8022,-16.7473,-16.3107,-14.1835,-14.3137,-17.0595,-14.068,-13.497,-12.5273,-16.4686,-17.417,-18.1191,-13.4311,-13.4402,-16.0562,-16.0596,-16.4768,-19.1505,-13.8642,-20.7555,-15.6323,-13.7495,-20.1258,-20.1951,-17.313,-16.0602,-17.0482,-15.2813,-13.7721,-19.2859,-18.6392,-16.2035,-15.3862,-17.9251,-20.5122,-20.306,-12.3953,-19.3106,-12.0517,-19.5053,-15.6289,-12.1166,-15.9437,-15.546,-13.2045,-14.8057,-18.1253,-16.943,-18.8429,-20.1851,-15.663,-17.2259,-16.6458,-14.9941,-12.6894,-14.7376,-18.793,-19.8323,-18.0237,-18.2538,-15.9495,-17.387,-19.4439,-17.9625,-14.8545,-17.2423,-20.0239,-16.0835,-15.4018,-18.3347,-21.3301,-17.0977,-17.4031,-19.1036,-16.5459,-15.2049,-14.9041,-13.3934,-16.0034,-19.6577,-15.4178,-14.6938,-15.5683,-20.7971,-12.2683,-15.2537,-14.8923,-17.3623,-15.1617,-19.4588,-20.1841,-19.2745,-14.6118,-18.033,-13.2053,-19.9837,-14.8945,-15.4328,-18.2503,-16.8353,-17.8852,-16.8763,-17.1538,-18.9726,-14.7035,-18.2073,-20.5493,-16.245,-17.827,-17.4736,-19.5095,-18.3714,-17.0907,-13.7815,-18.406,-17.8702,-17.1034,-16.5443,-15.9348,-15.0618,-18.169,-21.5908,-14.3142,-15.0922,-19.4843,-17.328,-15.9562,-16.4621,-18.4908,-22.0091,-18.2895,-17.2293,-18.2745,-22.8747,-19.0945,-18.3859,-14.9054,-20.8437,-22.2078,-15.452,-17.4314,-19.5538,-18.1478,-16.4125,-21.3139,-12.9749,-16.0374,-17.7108,-14.1309,-17.9866,-18.903,-16.1891,-16.3655,-15.5609,-12.5784,-15.7014,-17.4999,-18.3531,-17.3403,-21.0982,-20.6353,-21.5221,-20.4907,-19.6538,-17.7934,-18.9602,-14.4745,-16.9361,-16.8868,-14.6844,-14.9086,-20.3595,-15.2591,-18.4272,-13.7567,-19.8668,-19.0147,-20.0837,-17.9353,-17.5413,-14.498,-12.6627,-18.1821,-14.3105,-14.5966,-19.9108,-13.9583,-16.7703,-18.5672,-20.0601,-14.278,-15.3862,-14.3302,-19.4176,-17.7229,-17.8212,-17.9752,-15.2871,-16.4674,-17.8574,-18.7685,-13.4772,-17.1966,-15.7424,-20.4135,-16.961,-16.4491,-19.1185,-17.1544,-11.7316,-10.4063,-16.2776,-20.3829,-21.7614,-11.8995,-19.3132,-12.3858,-11.7455,-13.7682,-19.6912,-15.3738,-17.0966,-15.8181,-15.2743,-12.95,-18.9687,-16.3702,-21.5498,-12.7999,-12.8702,-17.9763,-17.5791,-15.1937,-17.4493,-17.924,-15.4085,-18.7589,-21.8738,-17.3265,-13.8219,-12.897,-17.9005,-17.253,-14.825,-17.0259,-18.7555,-20.6119,-16.3395,-18.3167,-15.443,-16.1204,-20.0671,-19.3961,-15.5486,-18.6522,-16.6272,-15.5893,-17.2221,-13.3123,-19.8323,-18.3174,-20.1529,-17.3068,-19.2973,-19.2572,-18.7222,-15.5106,-19.8102,-18.92,-18.509,-20.6851,-15.3849,-12.3813,-15.9893,-12.8175,-20.9318,-13.6472,-17.1544,-17.2161,-16.8281,-18.8014,-19.2243,-18.6451,-15.5234,-17.2087,-16.6765,-19.7996,-16.6585,-15.7986,-15.1873,-12.4023,-16.959,-12.0336,-20.7211,-14.7383,-20.2457,-20.549,-20.2245,-15.5889,-18.8681,-16.6105,-15.3973,-17.1656,-15.9166,-13.5708,-16.0754,-17.1528,-18.7855,-17.1688,-14.4363,-16.252,-14.6447,-17.9535,-17.2849,-16.606,-14.8853,-14.3572,-20.198,-19.7021,-18.2664,-18.2178,-17.3815,-17.962,-19.2466,-18.0107,-16.8999,-17.2417,-16.5486,-21.9981,-12.673,-14.2377,-18.0054,-13.7544,-22.0846,-14.7435,-14.9813,-19.2516,-20.8455,-21.3637,-16.7516,-15.9642,-16.866,-19.9256,-15.5979,-14.8858,-18.6193,-19.209,-21.0778,-17.8588,-18.9556,-18.054,-19.5551,-18.1018,-19.5972,-20.2903,-17.7902,-15.1087,-12.0369,-16.3515,-17.3468,-15.8465,-14.9431,-19.5619,-21.231,-15.9689,-21.6552,-17.5974,-18.2655,-16.8047,-16.8364,-21.1204,-16.4586,-13.9172,-15.6107,-15.4497,-18.856,-13.2099,-15.6382,-14.063,-15.5754,-13.4245,-19.8235,-17.7677,-16.8073,-17.2588,-17.1219,-17.8147,-17.7679,-12.2986,-20.5602,-14.5738,-12.4287,-17.5294,-14.6086,-14.898,-14.4713,-17.352,-17.2643,-17.8176,-18.4966,-15.2604,-18.284,-20.6738,-17.6444,-15.5214,-17.2031,-18.4229,-17.3676,-21.1111,-19.083,-18.758,-19.6886,-16.4735,-19.169,-17.3815,-21.8176,-15.2308,-15.2443,-18.382,-17.5237,-18.4013,-15.1309,-12.8903,-16.5389,-17.7405,-20.2266,-16.0186,-16.325,-14.3745,-17.7467,-19.74,-19.506,-18.0258,-17.2374,-20.0454,-13.391,-13.9915,-17.733,-14.9226,-17.2429,-16.0875,-12.8151,-18.8085,-17.0726,-19.0352,-20.0645,-14.3848,-19.9752
-21.1325,-19.4955,-19.6591,-17.2302,-17.1981,-16.307,-16.2204,-11.2618,-18.0174,-17.8604,-15.4893,-21.0639,-20.693,-16.7354,-12.9373,-12.9083,-17.3591,-22.5377,-11.9902,-17.0586,-22.1983,-16.1984,-17.3005,-18.3633,-16.8472,-17.637,-17.291,-20.2212,-20.2179,-20.003,-14.5524,-16.6506,-20.3266,-19.2777,-22.2371,-15.5607,-15.9467,-22.4359,-20.6795,-18.6343,-19.3472,-12.8965,-15.5442,-16.0792,-16.4088,-17.739,-14.445,-20.7733,-18.6508,-17.4573,-19.6276,-16.5661,-20.0079,-17.4999,-18.5322,-14.7561,-15.9103,-16.466,-14.387,-19.019,-14.8376,-17.8953,-19.3105,-18.5894,-17.5945,-17.1303,-14.9788,-15.1407,-17.838,-14.8336,-14.3003,-13.2704,-17.266,-18.2365,-18.8878,-14.2149,-14.1927,-16.957,-16.8376,-17.2392,-20.0582,-14.6389,-21.6748,-16.4221,-14.4965,-21.0413,-21.08,-18.2286,-16.827,-17.8012,-16.0944,-14.5285,-20.1118,-19.4486,-16.9334,-16.2835,-18.6342,-21.3974,-21.1845,-13.1454,-20.1801,-12.8153,-20.4446,-16.3684,-12.805,-16.8397,-16.3174,-13.9089,-15.5967,-18.9511,-17.8682,-19.5462,-21.0834,-16.5495,-17.9787,-17.343,-15.8617,-13.4124,-15.5394,-19.6978,-20.6451,-18.793,-19.0716,-16.7874,-18.2237,-20.3002,-18.8394,-15.6735,-18.1101,-20.8696,-16.8026,-16.2843,-19.0648,-22.2218,-17.8831,-18.2431,-19.9851,-17.4051,-16.0744,-15.7407,-14.1989,-16.8199,-20.4294,-16.1945,-15.5201,-16.2531,-21.6624,-12.9697,-16.1245,-15.6409,-18.2794,-16.0572,-20.2702,-21.0941,-20.0607,-15.3428,-18.8649,-13.9239,-20.8665,-15.7325,-16.3304,-18.9923,-17.6024,-18.7751,-17.7223,-17.881,-19.8762,-15.5535,-19.0848,-21.3793,-16.9887,-18.6097,-18.24,-20.3704,-19.1426,-17.9232,-14.5163,-19.2019,-18.6815,-17.8692,-17.3178,-16.782,-15.9975,-18.9145,-22.5531,-15.0609,-15.8102,-20.2513,-18.0371,-16.7271,-17.23,-19.2802,-22.9352,-19.0677,-18.0003,-19.1888,-23.8347,-19.9785,-19.1761,-15.6621,-21.7088,-23.1545,-16.2496,-18.2805,-20.4495,-19.0278,-17.331,-22.206,-13.7441,-16.9384,-18.6468,-14.8841,-18.8792,-19.8126,-17.0555,-17.3112,-16.428,-13.3016,-16.5876,-18.2337,-19.2373,-18.2281,-22.0016,-21.4851,-22.4231,-21.3935,-20.4783,-18.676,-19.7936,-15.223,-17.8059,-17.7037,-15.5355,-15.7553,-21.1752,-16.0392,-19.228,-14.4137,-20.7064,-19.8222,-20.9714,-18.7954,-18.3272,-15.3358,-13.4313,-19.0697,-15.129,-15.4511,-20.7847,-14.7235,-17.6125,-19.5095,-20.8749,-15.0222,-16.2235,-15.1479,-20.2916,-18.4812,-18.5996,-18.8309,-16.1192,-17.3385,-18.6693,-19.635,-14.2773,-18.0775,-16.5649,-21.3947,-17.6729,-17.2235,-20.0065,-17.9617,-12.4782,-11.1298,-16.947,-21.2736,-22.7456,-12.6492,-20.105,-13.1532,-12.4785,-14.5978,-20.6383,-16.0581,-17.8807,-16.5599,-15.9779,-13.7146,-19.8486,-17.2554,-22.517,-13.5097,-13.6252,-18.8266,-18.3561,-15.9551,-18.3277,-18.7728,-16.1448,-19.6109,-22.7212,-18.0379,-14.5019,-13.6413,-18.5951,-18.0345,-15.5453,-17.697,-19.5985,-21.4728,-17.161,-19.2076,-16.3258,-16.8864,-20.9443,-20.1975,-16.4351,-19.5068,-17.4532,-16.4675,-18.0797,-13.9934,-20.6793,-19.1437,-20.9758,-18.1409,-20.1547,-20.0689,-19.5817,-16.3048,-20.5908,-19.7599,-19.4328,-21.5964,-16.3107,-13.0979,-16.7867,-13.5855,-21.8441,-14.4129,-17.8863,-18.1065,-17.5726,-19.6211,-20.1421,-19.5376,-16.2972,-17.9387,-17.5963,-20.6577,-17.5623,-16.5908,-15.9195,-13.1257,-17.818,-12.7982,-21.6045,-15.6189,-21.1815,-21.4225,-21.1376,-16.3381,-19.7662,-17.4685,-16.2461,-18.0203,-16.7636,-14.4155,-16.8548,-17.9655,-19.6101,-17.928,-15.2738,-17.0327,-15.4922,-18.7243,-18.0402,-17.457,-15.713,-15.1426,-21.0488,-20.5568,-19.047,-18.9755,-18.2578,-18.7897,-20.0439,-18.8294,-17.7054,-18.0356,-17.2944,-22.8968,-13.4979,-15.0265,-18.9101,-14.4998,-22.9931,-15.517,-15.7132,-20.0915,-21.722,-22.2896,-17.6027,-16.8246,-17.7511,-20.7799,-16.3178,-15.7579,-19.4941,-20.0825,-22.01,-18.7424,-19.827,-18.7697,-20.3961,-18.9263,-20.4957,-21.1438,-18.6113,-15.9932,-12.7757,-17.2726,-18.2204,-16.6533,-15.8131,-20.4101,-22.1195,-16.8129,-22.5997,-18.4809,-19.0993,-17.699,-17.6497,-22.025,-17.2853,-14.6857,-16.4602,-16.2737,-19.6199,-13.9053,-16.4642,-14.8311,-16.3989,-14.2154,-20.676,-18.5813,-17.5042,-18.0385,-17.9165,-18.6892,-18.5685,-12.9649,-21.4752,-15.2785,-13.1804,-18.2518,-15.3804,-15.7234,-15.2512,-18.1904,-17.9848,-18.7356,-19.3988,-15.9603,-19.1151,-21.4796,-18.3078,-16.4,-17.9589,-19.2793,-18.1217,-22.0712,-19.8966,-19.702,-20.5782,-17.328,-20.0297,-18.2564,-22.7028,-16.0283,-16.0549,-19.2781,-18.331,-19.2455,-15.9228,-13.6058,-17.3811,-18.6637,-21.0467,-16.8151,-17.0925,-15.2051,-18.5185,-20.569,-20.4264,-18.8343,-17.956,-20.8652,-14.1297,-14.6776,-18.5208,-15.6811,-18.0642,-16.8725,-13.5536,-19.6665,-17.818,-19.9617,-20.896,-15.12,-20.8528
-22.0346,-20.4272,-20.6118,-18.1761,-18.0578,-17.2617,-17.0579,-12.0379,-18.9592,-18.7356,-16.2465,-21.9491,-21.55,-17.6593,-13.8035,-13.6305,-18.248,-23.4827,-12.7003,-17.9431,-23.0582,-17.0005,-18.0674,-19.3512,-17.6306,-18.4805,-18.2138,-21.0842,-21.129,-20.8963,-15.3193,-17.382,-21.2089,-20.1869,-23.1468,-16.4346,-16.862,-23.317,-21.5317,-19.5464,-20.1965,-13.6474,-16.4339,-16.9116,-17.1824,-18.6335,-15.3363,-21.6584,-19.4977,-18.3233,-20.4941,-17.4207,-20.8734,-18.4176,-19.365,-15.5919,-16.7024,-17.2683,-15.1852,-19.8861,-15.6377,-18.6856,-20.1576,-19.4008,-18.4703,-17.981,-15.7957,-15.9842,-18.6455,-15.6367,-15.0885,-14.0568,-18.1094,-19.0147,-19.6749,-15.0309,-14.9711,-17.8687,-17.6623,-18.0377,-20.9494,-15.4252,-22.6049,-17.2516,-15.2744,-21.9849,-21.9971,-19.1843,-17.67,-18.5878,-16.9251,-15.3235,-20.9716,-20.2794,-17.6878,-17.2187,-19.39,-22.366,-22.0977,-13.9104,-21.0739,-13.5998,-21.4046,-17.1481,-13.5452,-17.7764,-17.1282,-14.682,-16.4322,-19.9048,-18.783,-20.292,-22.0494,-17.4627,-18.7579,-18.1199,-16.781,-14.2102,-16.3827,-20.6367,-21.4654,-19.5799,-19.9203,-17.6882,-19.1036,-21.1703,-19.755,-16.5464,-19.0071,-21.7484,-17.5604,-17.1998,-19.8386,-23.1319,-18.6965,-19.1243,-20.8785,-18.2775,-17.0013,-16.6234,-15.0513,-17.6784,-21.2628,-16.9675,-16.3779,-16.9828,-22.5635,-13.7297,-17.0309,-16.4247,-19.2251,-16.9921,-21.1197,-21.9842,-21.0204,-16.1129,-19.7327,-14.6847,-21.7811,-16.5945,-17.2382,-19.7838,-18.4101,-19.701,-18.6321,-18.668,-20.7383,-16.329,-19.9895,-22.2451,-17.7743,-19.4483,-19.0315,-21.2612,-19.9293,-18.8011,-15.2873,-20.0455,-19.5319,-18.6722,-18.118,-17.6206,-16.8957,-19.7245,-23.5954,-15.8484,-16.5459,-21.0603,-18.8409,-17.5384,-18.0392,-20.0935,-23.893,-19.934,-18.7978,-20.1329,-24.8425,-20.8892,-20.0089,-16.4578,-22.6795,-24.1275,-17.0693,-19.1903,-21.3575,-19.9345,-18.2971,-23.1364,-14.4867,-17.839,-19.6179,-15.6546,-19.8826,-20.7421,-17.9556,-18.2764,-17.3298,-14.0588,-17.5016,-19.0079,-20.136,-19.1249,-22.9304,-22.4013,-23.3563,-22.3301,-21.3189,-19.575,-20.671,-16.0226,-18.6985,-18.5462,-16.4294,-16.6619,-22.052,-16.8532,-20.0781,-15.2009,-21.5979,-20.662,-21.9052,-19.661,-19.1279,-16.2033,-14.2454,-19.9926,-16.0009,-16.3204,-21.7046,-15.5396,-18.4902,-20.4676,-21.7334,-15.8816,-17.049,-15.945,-21.1923,-19.2807,-19.4424,-19.7015,-16.9836,-18.2257,-19.5142,-20.5268,-15.125,-18.9895,-17.4393,-22.3893,-18.4214,-18.0481,-20.981,-18.8125,-13.2983,-11.8868,-17.7771,-22.2022,-23.6726,-13.4365,-20.9215,-13.9557,-13.2255,-15.463,-21.6535,-16.7706,-18.6793,-17.3493,-16.7212,-14.5177,-20.7604,-18.1733,-23.4838,-14.2515,-14.4464,-19.7091,-19.1736,-16.7643,-19.2492,-19.5664,-16.8966,-20.5059,-23.6054,-18.7974,-15.2222,-14.4322,-19.3173,-18.8571,-16.2747,-18.4234,-20.5232,-22.3743,-18.0231,-20.1233,-17.2508,-17.6956,-21.8144,-21.0624,-17.3491,-20.3787,-18.3091,-17.3612,-18.9397,-14.7172,-21.5663,-19.9921,-21.8328,-18.9876,-21.025,-20.8801,-20.3878,-17.1396,-21.4537,-20.6519,-20.2972,-22.5475,-17.255,-13.8501,-17.6292,-14.3821,-22.8006,-15.2223,-18.6494,-19.0412,-18.3513,-20.4783,-21.089,-20.4791,-17.1082,-18.6867,-18.5263,-21.5531,-18.5079,-17.4054,-16.6948,-13.8959,-18.713,-13.5983,-22.5103,-16.5333,-22.1452,-22.3196,-22.0754,-17.1462,-20.7258,-18.334,-17.1294,-18.9242,-17.6192,-15.2502,-17.6983,-18.7876,-20.4838,-18.7042,-16.1346,-17.8718,-16.3674,-19.5364,-18.8195,-18.3712,-16.562,-15.9458,-21.9243,-21.4395,-19.8751,-19.7712,-19.1637,-19.6588,-20.8736,-19.7139,-18.5292,-18.8587,-18.0578,-23.8132,-14.3597,-15.8318,-19.849,-15.2824,-23.9368,-16.3368,-16.5092,-20.9533,-22.6438,-23.2449,-18.4852,-17.7399,-18.6536,-21.709,-17.0759,-16.6489,-20.4091,-20.9985,-22.9856,-19.6644,-20.7405,-19.549,-21.2654,-19.7769,-21.4346,-22.0221,-19.4664,-16.8927,-13.5522,-18.2249,-19.1216,-17.4693,-16.7253,-21.2795,-23.0375,-17.6912,-23.591,-19.386,-19.9543,-18.6315,-18.5008,-22.9623,-18.1355,-15.5106,-17.3393,-17.1124,-20.4204,-14.6516,-17.3129,-15.6333,-17.2629,-15.039,-21.5824,-19.4376,-18.3163,-18.8336,-18.7343,-19.5842,-19.3946,-13.6877,-22.4377,-16.0086,-13.9577,-19.0196,-16.1827,-16.5804,-16.0596,-19.0964,-18.7465,-19.6804,-20.3459,-16.6838,-20.0122,-22.3259,-19.0089,-17.3398,-18.7377,-20.1613,-18.9073,-23.0189,-20.7656,-20.6679,-21.5018,-18.2208,-20.9459,-19.1713,-23.6239,-16.8366,-16.8654,-20.2152,-19.1643,-20.1094,-16.7048,-14.3477,-18.2706,-19.6247,-21.8972,-17.5586,-17.8824,-16.0764,-19.3389,-21.4391,-21.3567,-19.6734,-18.6162,-21.7367,-14.8881,-15.4037,-19.3427,-16.4648,-18.9188,-17.6964,-14.3515,-20.5611,-18.5702,-20.9135,-21.7686,-15.9065,-21.7628
-22.9266,-21.3127,-21.5631,-19.0745,-18.9048,-18.1732,-17.9701,-12.7804,-19.8365,-19.5877,-17.1049,-22.8216,-22.3744,-18.5467,-14.6546,-14.3675,-19.1345,-24.4251,-13.4247,-18.8237,-23.9961,-17.7894,-18.8346,-20.3304,-18.4126,-19.3389,-19.1015,-21.9448,-22.0577,-21.773,-16.0559,-18.085,-22.08,-21.1061,-24.032,-17.2187,-17.7424,-24.2064,-22.3775,-20.4569,-21.0395,-14.3646,-17.2836,-17.7171,-17.9988,-19.5162,-16.1784,-22.537,-20.3107,-19.1804,-21.3502,-18.3075,-21.7099,-19.3852,-20.1794,-16.4151,-17.4666,-18.0396,-15.9713,-20.7421,-16.3245,-19.4623,-21.0019,-20.1948,-19.3317,-18.8277,-16.5814,-16.8191,-19.4526,-16.4377,-15.9233,-14.8191,-18.946,-19.8973,-20.4668,-15.8427,-15.7236,-18.7846,-18.4713,-18.8313,-21.8408,-16.1851,-23.5265,-18.0555,-16.054,-22.9015,-22.9116,-20.1184,-18.4814,-19.3744,-17.7424,-16.1118,-21.7863,-21.0962,-18.4431,-18.1564,-20.1204,-23.2934,-23.0008,-14.6787,-21.9748,-14.3965,-22.3506,-17.932,-14.3023,-18.7034,-17.9322,-15.4677,-17.2523,-20.71,-19.6871,-21.0526,-22.9686,-18.3772,-19.5404,-18.8838,-17.6813,-14.9963,-17.1599,-21.5625,-22.3009,-20.3529,-20.7655,-18.5496,-19.9618,-22.0376,-20.6593,-17.384,-19.8595,-22.6215,-18.3033,-18.1126,-20.6252,-24.0299,-19.5132,-19.9875,-21.8033,-19.1509,-17.8944,-17.5011,-15.8791,-18.5258,-22.0616,-17.7641,-17.2152,-17.713,-23.4388,-14.4707,-17.925,-17.1993,-20.1649,-17.926,-22.0247,-22.9382,-21.7915,-16.8456,-20.5875,-15.4319,-22.6827,-17.4593,-18.176,-20.5634,-19.2056,-20.6129,-19.5148,-19.4591,-21.6364,-17.1986,-20.884,-23.0983,-18.5307,-20.2746,-19.8096,-22.1338,-20.7183,-19.6652,-16.0646,-20.8648,-20.3628,-19.4722,-18.9174,-18.4956,-17.7845,-20.4848,-24.5685,-16.6533,-17.2896,-21.8681,-19.6131,-18.3283,-18.8392,-20.9107,-24.8559,-20.7851,-19.5901,-21.0625,-25.8429,-21.7885,-20.8302,-17.2285,-23.5837,-25.0819,-17.899,-20.0674,-22.2682,-20.816,-19.2585,-24.0528,-15.2443,-18.721,-20.5672,-16.4382,-20.8682,-21.674,-18.8496,-19.2313,-18.2313,-14.8257,-18.3938,-19.7737,-21.0338,-20.0398,-23.9033,-23.3279,-24.2846,-23.2598,-22.1849,-20.4848,-21.5235,-16.7949,-19.583,-19.3759,-17.254,-17.5525,-22.9046,-17.6314,-20.9115,-16.1979,-22.476,-21.488,-22.8295,-20.5631,-19.9304,-17.0514,-15.0437,-20.8958,-16.8731,-17.2024,-22.597,-16.35,-19.3561,-21.4138,-22.563,-16.607,-17.8938,-16.8418,-22.1012,-20.032,-20.2662,-20.59,-17.8281,-19.1258,-20.3432,-21.4007,-15.9658,-19.8841,-18.2993,-23.3985,-19.168,-18.8496,-21.8652,-19.6494,-14.0863,-12.6643,-18.593,-23.1264,-24.7565,-14.2092,-21.7397,-14.7421,-13.978,-16.296,-22.6468,-17.5008,-19.5041,-18.0813,-17.4621,-15.3114,-21.6561,-19.0743,-24.4197,-14.9896,-15.2333,-20.5969,-19.9796,-17.5225,-20.1369,-20.3814,-17.677,-21.3499,-24.5021,-19.5281,-15.9162,-15.1981,-20.0586,-19.6652,-17.0233,-19.1343,-21.3696,-23.2586,-18.8792,-21.0084,-18.154,-18.5125,-22.6827,-21.9137,-18.266,-21.2571,-19.1642,-18.2428,-19.8177,-15.4015,-22.4206,-20.834,-22.7062,-19.8346,-21.8966,-21.7213,-21.2867,-17.9645,-22.3225,-21.494,-21.2776,-23.4781,-18.1932,-14.6008,-18.4601,-15.1658,-23.7552,-16.0246,-19.4234,-19.9759,-19.1279,-21.341,-22.0337,-21.4008,-17.9171,-19.4376,-19.4535,-22.4524,-19.4489,-18.2363,-17.4579,-14.6607,-19.585,-14.3857,-23.4023,-17.4302,-23.0939,-23.2146,-23.0013,-17.9748,-21.7691,-19.2034,-17.9966,-19.8064,-18.4734,-16.1058,-18.5008,-19.6223,-21.355,-19.4874,-17.0058,-18.6811,-17.2478,-20.3749,-19.6043,-19.2662,-17.3994,-16.7562,-22.7993,-22.321,-20.6693,-20.5622,-20.0666,-20.5173,-21.6938,-20.5876,-19.3557,-19.6424,-18.8186,-24.7448,-15.2047,-16.6503,-20.7826,-16.0563,-24.8544,-17.1204,-17.2598,-21.8142,-23.5561,-24.1882,-19.3776,-18.6108,-19.5879,-22.6039,-17.8213,-17.5422,-21.3252,-21.8997,-23.9425,-20.5803,-21.6331,-20.3201,-22.1314,-20.6194,-22.3525,-22.8979,-20.3042,-17.8135,-14.3203,-19.1507,-20.0086,-18.2952,-17.6255,-22.1433,-23.958,-18.5878,-24.5447,-20.2878,-20.8165,-19.5428,-19.3279,-23.9077,-18.9729,-16.3907,-18.2008,-17.9481,-21.1924,-15.3862,-18.1631,-16.4217,-18.1185,-15.8566,-22.4607,-20.2753,-18.9996,-19.6413,-19.555,-20.4845,-20.2159,-14.4173,-23.3887,-16.7286,-14.7236,-19.7287,-16.9831,-17.4347,-16.8511,-19.9725,-19.529,-20.6248,-21.2886,-17.4207,-20.8881,-23.1533,-19.7063,-18.2249,-19.5225,-21.0441,-19.689,-23.975,-21.5964,-21.6393,-22.4159,-19.1158,-21.8408,-20.0706,-24.53,-17.6723,-17.7137,-21.1433,-20.0179,-20.9675,-17.522,-15.1042,-19.1336,-20.56,-22.7246,-18.3889,-18.6759,-16.92,-20.1586,-22.3129,-22.2792,-20.5164,-19.3836,-22.5931,-15.6713,-16.1397,-20.164,-17.2467,-19.7705,-18.5057,-15.1057,-21.4395,-19.3654,-21.8502,-22.6585,-16.6816,-22.6731
-23.8033,-22.1913,-22.5139,-19.9732,-19.7097,-19.0559,-18.7869,-13.5154,-20.7203,-20.4269,-17.9025,-23.6396,-23.2037,-19.4011,-15.4646,-15.0542,-19.9754,-25.3139,-14.0905,-19.6585,-24.9229,-18.5536,-19.5581,-21.3012,-19.171,-20.155,-19.981,-22.775,-22.9266,-22.6197,-16.7706,-18.7729,-22.9252,-21.9852,-24.9045,-18.0339,-18.6242,-25.0513,-23.1964,-21.322,-21.8381,-15.0636,-18.1182,-18.5229,-18.7513,-20.3741,-16.9626,-23.3833,-21.1187,-20.0044,-22.1822,-19.1405,-22.5228,-20.3088,-20.982,-17.2142,-18.2152,-18.7913,-16.7464,-21.5747,-16.9976,-20.2135,-21.8109,-20.9774,-20.1725,-19.6541,-17.4081,-17.6397,-20.2164,-17.2039,-16.6982,-15.5652,-19.7678,-20.7112,-21.2233,-16.608,-16.4506,-19.6794,-19.2492,-19.5876,-22.7275,-16.9499,-24.4534,-18.8551,-16.7913,-23.8133,-23.7796,-21.0239,-19.2756,-20.1128,-18.5458,-16.8829,-22.5939,-21.8636,-19.1633,-19.058,-20.8466,-24.1875,-23.8813,-15.4223,-22.8237,-15.149,-23.2812,-18.6833,-14.9945,-19.6046,-18.7047,-16.1477,-18.02,-21.5389,-20.6286,-21.8068,-23.8499,-19.2503,-20.2856,-19.5555,-18.5617,-15.7512,-17.9281,-22.4682,-23.0852,-21.1084,-21.5781,-19.4023,-20.768,-22.8674,-21.5367,-18.218,-20.693,-23.4507,-19.0076,-19.0114,-21.3755,-24.908,-20.2855,-20.8306,-22.6882,-19.9977,-18.7663,-18.3336,-16.7057,-19.3617,-22.8408,-18.5064,-18.0303,-18.3962,-24.3063,-15.1836,-18.797,-17.9331,-21.0525,-18.8063,-22.8219,-23.7818,-22.524,-17.582,-21.3915,-16.1469,-23.5617,-18.2961,-19.0392,-21.3024,-19.9659,-21.5099,-20.3755,-20.1847,-22.4667,-18.0629,-21.7484,-23.9226,-19.2808,-21.0741,-20.5753,-22.9906,-21.4691,-20.5027,-16.7908,-21.6587,-21.1607,-20.2389,-19.7098,-19.3094,-18.6515,-21.2224,-25.5283,-17.3957,-18.0006,-22.6528,-20.3441,-19.1052,-19.6113,-21.692,-25.7925,-21.5313,-20.3836,-21.9705,-26.793,-22.6472,-21.6143,-17.9736,-24.4916,-26.0132,-18.6811,-20.9185,-23.1363,-21.6919,-20.1873,-24.9551,-15.9592,-19.5747,-21.4936,-17.1785,-21.7779,-22.5782,-19.7228,-20.1665,-19.0927,-15.5436,-19.2749,-20.511,-21.9413,-20.911,-24.8114,-24.1705,-25.1959,-24.1665,-23.0062,-21.3579,-22.3616,-17.5185,-20.4415,-20.1877,-18.101,-18.4097,-23.7473,-18.411,-21.7024,-17.436,-23.3139,-22.2701,-23.7239,-21.4017,-20.7047,-17.8763,-15.8059,-21.7754,-17.7028,-18.0421,-23.448,-17.1213,-20.1808,-22.3635,-23.3598,-17.3507,-18.7063,-17.6771,-22.963,-20.8058,-21.0414,-21.426,-18.6504,-19.9869,-21.1522,-22.2465,-16.7814,-20.7541,-19.1322,-24.3676,-19.8699,-19.6106,-22.7571,-20.4536,-14.8576,-13.389,-19.4357,-24.0138,-25.8394,-14.9477,-22.5117,-15.5007,-14.6977,-17.1014,-23.5931,-18.1868,-20.2618,-18.8301,-18.1636,-16.0784,-22.553,-19.9515,-25.3498,-15.6879,-15.998,-21.4484,-20.7558,-18.2765,-21.0007,-21.1434,-18.3859,-22.228,-25.3507,-20.2562,-16.6019,-15.9513,-20.7553,-20.4558,-17.71,-19.8009,-22.2011,-24.1364,-19.7076,-21.8997,-19.0267,-19.304,-23.5396,-22.7078,-19.1486,-22.1023,-19.9749,-19.1175,-20.6456,-16.0802,-23.2717,-21.6351,-23.5584,-20.6312,-22.7334,-22.5306,-22.0975,-18.7735,-23.1634,-22.3623,-22.1769,-24.3871,-19.1079,-15.3124,-19.2546,-15.9158,-24.6696,-16.8034,-20.1512,-20.8725,-19.8668,-22.1544,-22.946,-22.3036,-18.6952,-20.1655,-20.3615,-23.3241,-20.3454,-19.0121,-18.1897,-15.3896,-20.4434,-15.1504,-24.2737,-18.304,-24.024,-24.0898,-23.9036,-18.7272,-22.6291,-20.0382,-18.8446,-20.6642,-19.3012,-16.9263,-19.2875,-20.3937,-22.1776,-20.2172,-17.8272,-19.4604,-18.1097,-21.1154,-20.3398,-20.1181,-18.2253,-17.5245,-23.6344,-23.1644,-21.4483,-21.3189,-20.9325,-21.3314,-22.4893,-21.3684,-20.1474,-20.4414,-19.5515,-25.6441,-16.0197,-17.4256,-21.7007,-16.789,-25.7648,-17.887,-17.9994,-22.6523,-24.4502,-25.1098,-20.234,-19.4712,-20.4658,-23.4351,-18.5378,-18.4118,-22.1959,-22.74,-24.8522,-21.4743,-22.5063,-21.048,-22.978,-21.4316,-23.2568,-23.761,-21.1195,-18.6716,-15.0638,-20.0549,-20.8827,-19.0928,-18.4981,-22.9885,-24.8365,-19.4288,-25.5016,-21.1633,-21.646,-20.4369,-20.1498,-24.8123,-19.799,-17.1012,-19.0551,-18.7547,-21.9537,-16.0826,-18.985,-17.1782,-18.9502,-16.6343,-23.3057,-21.086,-19.6797,-20.4032,-20.3488,-21.3513,-21.0112,-15.1096,-24.3124,-17.4333,-15.4641,-20.4232,-17.7505,-18.2532,-17.6319,-20.8323,-20.214,-21.5439,-22.1942,-18.1231,-21.7545,-23.9865,-20.3848,-19.1198,-20.2757,-21.9052,-20.4394,-24.9066,-22.4098,-22.5741,-23.318,-19.9731,-22.6931,-20.9499,-25.3909,-18.4688,-18.5105,-22.0452,-20.8364,-21.7977,-18.2827,-15.8117,-19.9749,-21.4936,-23.5428,-19.1716,-19.4278,-17.7289,-20.9323,-23.1505,-23.1982,-21.3256,-20.1342,-23.4301,-16.4215,-16.829,-20.9609,-18.0056,-20.5791,-19.2929,-15.8624,-22.2981,-20.065,-22.7652,-23.4927,-17.4287,-23.5362
-24.6856,-23.0827,-23.4242,-20.8686,-20.5316,-19.9567,-19.6951,-14.2631,-21.6318,-21.2774,-18.6969,-24.4481,-24.0008,-20.2868,-16.3105,-15.7591,-20.8279,-26.1871,-14.7807,-20.5067,-25.8116,-19.3362,-20.2999,-22.2631,-19.9313,-20.9843,-20.8573,-23.6103,-23.8183,-23.4884,-17.5007,-19.4716,-23.7734,-22.8859,-25.7802,-18.8496,-19.5074,-25.9075,-24.0256,-22.2078,-22.6541,-15.768,-18.9709,-19.299,-19.525,-21.2362,-17.7635,-24.2325,-21.9407,-20.8408,-23.018,-19.9965,-23.3469,-21.2058,-21.7706,-18.0166,-18.9492,-19.5514,-17.5169,-22.4216,-17.7896,-20.9638,-22.6468,-21.7525,-21.0188,-20.4831,-18.2293,-18.454,-21.0134,-17.9892,-17.4893,-16.3272,-20.5702,-21.4886,-21.9911,-17.3841,-17.2,-20.5914,-20.0398,-20.3604,-23.7108,-17.7501,-25.374,-19.6582,-17.5456,-24.7278,-24.6658,-21.9304,-20.0871,-20.8808,-19.3384,-17.6644,-23.4161,-22.661,-19.9338,-19.9656,-21.5718,-25.1424,-24.7762,-16.1777,-23.709,-15.9205,-24.2169,-19.45,-15.7167,-20.5181,-19.4891,-16.841,-18.7989,-22.3129,-21.5424,-22.5638,-24.7727,-20.1249,-21.06,-20.2819,-19.4008,-16.4987,-18.7274,-23.3873,-23.8883,-21.8687,-22.4209,-20.2643,-21.6034,-23.7019,-22.4217,-19.0562,-21.5553,-24.276,-19.7387,-19.9152,-22.1312,-25.7938,-21.0753,-21.6922,-23.5692,-20.857,-19.6698,-19.1846,-17.5237,-20.206,-23.576,-19.2588,-18.8391,-19.1133,-25.1646,-15.9163,-19.6859,-18.6812,-21.9448,-19.7046,-23.6395,-24.6307,-23.1793,-18.3113,-22.2264,-16.8833,-24.4464,-19.1327,-19.9411,-22.0713,-20.7558,-22.3995,-21.2476,-20.9311,-23.3077,-18.8496,-22.6365,-24.7594,-20.0342,-21.8816,-21.3497,-23.8579,-22.2273,-21.3522,-17.5502,-22.4676,-21.9743,-21.0175,-20.5275,-20.1754,-19.5348,-21.9673,-26.4981,-18.1767,-18.7297,-23.439,-21.13,-19.9073,-20.3859,-22.4995,-26.726,-22.352,-21.145,-22.8838,-27.759,-23.5175,-22.4059,-18.7404,-25.4037,-26.9599,-19.4931,-21.7871,-24.0304,-22.56,-21.129,-25.8565,-16.6598,-20.4007,-22.4197,-17.9183,-22.7765,-23.4755,-20.5827,-21.1045,-19.9651,-16.2761,-20.1822,-21.2779,-22.8628,-21.7964,-25.6884,-25.0408,-26.1107,-25.0795,-23.8142,-22.2467,-23.228,-18.248,-21.3136,-21.0109,-18.9427,-19.2738,-24.5975,-19.1926,-22.5076,-18.292,-24.1832,-23.071,-24.6234,-22.2585,-21.4859,-18.7319,-16.584,-22.6625,-18.5372,-18.8857,-24.3005,-17.9207,-21.0345,-23.3111,-24.177,-18.1876,-19.5419,-18.5171,-23.8402,-21.5223,-21.8408,-22.2687,-19.4633,-20.8495,-21.9756,-23.1205,-17.5911,-21.6493,-19.9714,-25.3348,-20.5909,-20.3936,-23.666,-21.2738,-15.6302,-14.1079,-20.2017,-24.9022,-26.6909,-15.6973,-23.3076,-16.2682,-15.4226,-17.9223,-24.5394,-18.8953,-21.0491,-19.5953,-18.8731,-16.8464,-23.4376,-20.844,-26.3187,-16.3984,-16.7672,-22.3094,-21.5621,-19.0491,-21.8863,-21.9489,-19.1236,-23.075,-26.2038,-20.9539,-17.284,-16.6774,-21.468,-21.2515,-18.4405,-20.4816,-23.0312,-25.0014,-20.5365,-22.8068,-19.908,-20.0926,-24.4272,-23.5328,-20.0466,-22.9564,-20.7997,-19.9879,-21.4764,-16.7645,-24.1447,-22.4521,-24.373,-21.4571,-23.5619,-23.3282,-22.8095,-19.5915,-23.9913,-23.2534,-23.0395,-25.3134,-20.048,-16.0429,-20.0781,-16.6807,-25.5964,-17.5952,-20.8923,-21.7743,-20.6159,-23.0024,-23.8678,-23.2123,-19.4717,-20.8921,-21.279,-24.1923,-21.2583,-19.8105,-18.9473,-16.1389,-21.299,-15.9233,-25.1423,-19.1904,-24.9601,-24.9586,-24.8142,-19.5019,-23.6032,-20.8927,-19.7015,-21.5315,-20.1427,-17.754,-20.0797,-21.191,-23.0144,-20.9755,-18.667,-20.2561,-18.9759,-21.8905,-21.0935,-20.9933,-19.052,-18.3021,-24.4712,-24.0167,-22.2499,-22.087,-21.7948,-22.1661,-23.2896,-22.1823,-20.9539,-21.2396,-20.3059,-26.5347,-16.8443,-18.2092,-22.6074,-17.5326,-26.6738,-18.6738,-18.7749,-23.5097,-25.3688,-26.0425,-21.0903,-20.3652,-21.355,-24.2626,-19.265,-19.2851,-23.0838,-23.6255,-25.7962,-22.3634,-23.3837,-21.7913,-23.8309,-22.2249,-24.1722,-24.6296,-21.9507,-19.5487,-15.8158,-20.982,-21.7625,-19.8935,-19.3823,-23.8534,-25.7234,-20.2793,-26.4533,-22.0486,-22.4926,-21.3401,-20.9624,-25.7243,-20.6283,-17.9958,-19.8901,-19.5571,-22.724,-16.7861,-19.8166,-17.959,-19.7906,-17.4305,-24.1855,-21.9085,-20.4204,-21.1987,-21.147,-22.2234,-21.8113,-15.8377,-25.2331,-18.1295,-16.2162,-21.1202,-18.5392,-19.0733,-18.4101,-21.7115,-20.9553,-22.4663,-23.1115,-18.8396,-22.6192,-24.8269,-21.0549,-20.0301,-21.0356,-22.7765,-21.2058,-25.8549,-23.2232,-23.5242,-24.2225,-20.8429,-23.5729,-21.8309,-26.2785,-19.2729,-19.3041,-22.9659,-21.6463,-22.6215,-19.0513,-16.5712,-20.8245,-22.4271,-24.3534,-19.9387,-20.1931,-18.5647,-21.7286,-23.997,-24.1275,-22.1357,-20.8047,-24.2713,-17.2012,-17.5285,-21.7717,-18.7825,-21.4012,-20.0922,-16.6285,-23.1664,-20.7933,-23.7019,-24.3532,-18.1897,-24.4305
-25.6003,-24.0218,-24.3943,-21.8184,-21.3715,-20.8643,-20.569,-15.0259,-22.5164,-22.1259,-19.451,-25.2979,-24.8287,-21.1208,-17.1588,-16.4595,-21.6926,-27.2165,-15.4671,-21.2976,-26.7303,-20.1068,-21.0395,-23.2516,-20.696,-21.8029,-21.7551,-24.4533,-24.729,-24.3783,-18.2538,-20.1788,-24.6349,-23.7771,-26.6667,-19.5725,-20.4031,-26.7821,-24.8647,-23.0964,-23.477,-16.4877,-19.8214,-20.1366,-20.2664,-22.0857,-18.5758,-25.0986,-22.7488,-21.6759,-23.859,-20.8364,-24.2136,-22.1404,-22.5852,-18.8424,-19.7136,-20.3372,-18.3123,-23.2749,-18.5141,-21.7165,-23.4871,-22.5515,-21.8746,-21.3433,-18.9943,-19.2862,-21.8058,-18.7926,-18.2859,-17.0847,-21.3709,-22.302,-22.7724,-18.182,-17.9443,-21.5042,-20.8418,-21.1422,-24.636,-18.5252,-26.3043,-20.4643,-18.3091,-25.65,-25.5647,-22.8965,-20.887,-21.6418,-20.1384,-18.4287,-24.2542,-23.4949,-20.6786,-20.8981,-22.2934,-26.0545,-25.6721,-16.9207,-24.5953,-16.6889,-25.1623,-20.2413,-16.4572,-21.4455,-20.2999,-17.6912,-19.6103,-23.1659,-22.5111,-23.2794,-25.6813,-21.0284,-21.828,-21.0406,-20.3149,-17.2717,-19.4966,-24.3215,-24.6755,-22.6287,-23.2522,-21.1461,-22.4378,-24.5254,-23.3154,-19.9274,-22.4335,-25.1454,-20.4961,-20.8127,-22.8823,-26.6931,-21.8831,-22.5491,-24.4687,-21.7289,-20.566,-20.0423,-18.362,-21.0626,-24.3669,-20.032,-19.6853,-19.851,-26.0434,-16.6489,-20.5787,-19.4509,-22.8853,-20.6065,-24.5019,-25.5751,-24.2279,-19.1032,-23.0871,-17.6253,-25.3495,-19.9979,-20.8802,-22.8561,-21.5275,-23.3185,-22.1093,-21.6883,-24.2039,-19.7494,-23.5157,-25.6047,-20.8045,-22.6956,-22.1192,-24.73,-23.0026,-22.2022,-18.3173,-23.3083,-22.8533,-21.7917,-21.3004,-21.0266,-20.4723,-22.7529,-27.4889,-18.9563,-19.4792,-24.2417,-21.9121,-20.6901,-21.1901,-23.3052,-27.6761,-23.2107,-21.9269,-23.8136,-28.7508,-24.4389,-23.2299,-19.5009,-26.3164,-27.9325,-20.3245,-22.6693,-24.9333,-23.4409,-22.0849,-26.7797,-17.4099,-21.3088,-23.372,-18.692,-23.7285,-24.4162,-21.4841,-22.0486,-20.8559,-17.0132,-21.0979,-22.0302,-23.7906,-22.6851,-26.6071,-25.9181,-27.0438,-26.0031,-24.6775,-23.1614,-24.0664,-19.0191,-22.1902,-21.8444,-19.8275,-20.1616,-25.4383,-19.9997,-23.3378,-19.1191,-25.0503,-23.889,-25.5328,-23.1218,-22.2826,-19.5684,-17.3941,-23.5722,-19.4034,-19.7544,-25.1601,-18.7389,-21.903,-24.273,-25.0428,-19.0303,-20.3945,-19.2757,-24.7292,-22.2871,-22.6717,-23.1443,-20.3402,-21.7392,-22.8008,-23.9694,-18.4435,-22.5301,-20.8299,-26.3123,-21.3246,-21.1916,-24.4892,-22.0903,-16.4134,-14.858,-20.9818,-25.7938,-27.7415,-16.4685,-24.0975,-17.0553,-16.169,-18.7624,-25.5388,-19.6005,-21.8507,-20.3195,-19.6042,-17.6577,-24.3473,-21.7448,-27.2694,-17.1222,-17.5648,-23.1852,-22.322,-19.8183,-22.7978,-22.6894,-19.8725,-23.9685,-27.0503,-21.6916,-17.9911,-17.4031,-22.1488,-22.0873,-19.1655,-21.1651,-23.9186,-25.8931,-21.3876,-23.7133,-20.8227,-20.8921,-25.3159,-24.3196,-20.9503,-23.8259,-21.655,-20.8374,-22.3278,-17.4687,-25.0014,-23.2907,-25.2058,-22.2843,-24.4443,-24.1403,-23.6411,-20.4256,-24.8382,-24.1163,-23.913,-26.2647,-20.9757,-16.7874,-20.8975,-17.4724,-26.5443,-18.3949,-21.6953,-22.6976,-21.3957,-23.8378,-24.8062,-24.1553,-20.2806,-21.6364,-22.2164,-25.0974,-22.1973,-20.5989,-19.7024,-16.8832,-22.1808,-16.7,-26.0274,-20.0856,-25.9148,-25.8499,-25.7446,-20.3196,-24.4075,-21.753,-20.5667,-22.4094,-20.996,-18.6057,-20.8902,-22.0111,-23.8837,-21.7386,-19.52,-21.056,-19.8145,-22.6659,-21.8573,-21.8649,-19.8727,-19.0918,-25.3312,-24.9067,-23.0485,-22.8483,-22.6827,-23.0103,-24.0937,-23.12,-21.7574,-22.0724,-21.0458,-27.4064,-17.6946,-19.0155,-23.5286,-18.2966,-27.5832,-19.479,-19.55,-24.355,-26.274,-26.9755,-21.9721,-21.255,-22.2166,-25.1844,-20.013,-20.1792,-23.9881,-24.5185,-26.729,-23.2802,-24.2749,-22.5547,-24.692,-23.071,-25.0904,-25.5071,-22.788,-20.4633,-16.5976,-21.9292,-22.6623,-20.7045,-20.3057,-24.7066,-26.6188,-21.1413,-27.4099,-22.9226,-23.3347,-22.2506,-21.7938,-26.6678,-21.4972,-18.8496,-20.7512,-20.3912,-23.4884,-17.5405,-20.6472,-18.7324,-20.6552,-18.2516,-25.06,-22.7568,-21.1966,-21.9725,-21.961,-23.0939,-22.6359,-16.5419,-26.1535,-18.8367,-16.964,-21.862,-19.3209,-19.917,-19.2113,-22.5889,-21.7057,-23.3938,-24.0454,-19.6019,-23.4906,-25.6764,-21.7514,-20.938,-21.8072,-23.6451,-21.9713,-26.8043,-24.0786,-24.4869,-25.1384,-21.7239,-24.458,-22.7256,-27.1924,-20.0854,-20.1233,-23.8837,-22.4826,-23.4876,-19.8304,-17.2883,-21.6726,-23.3779,-25.2052,-20.6866,-20.9814,-19.3999,-22.548,-24.8586,-25.0648,-22.9606,-21.5534,-25.1201,-17.9275,-18.2511,-22.5971,-19.5507,-22.2546,-20.8979,-17.4015,-24.0513,-21.5719,-24.6319,-25.2392,-18.9581,-25.3147
-26.5272,-24.9257,-25.3481,-22.7694,-22.2335,-21.8195,-21.5045,-15.7832,-23.429,-22.9975,-20.4204,-26.2071,-25.6844,-22.0637,-18.0207,-17.202,-22.5957,-28.1782,-16.2004,-22.2284,-27.6711,-20.9178,-21.8277,-24.2491,-21.5064,-22.6675,-22.673,-25.3301,-25.6494,-25.259,-19.0056,-20.8932,-25.5208,-24.7016,-27.5847,-20.4662,-21.2889,-27.678,-25.7044,-24.0048,-24.3213,-17.2235,-20.7026,-20.9549,-21.0665,-23.0003,-19.4319,-25.9729,-23.6064,-22.566,-24.7522,-21.7145,-25.0825,-23.1347,-23.4286,-19.7023,-20.4957,-21.1297,-19.1293,-24.1584,-19.2873,-22.5579,-24.3407,-23.3772,-22.7627,-22.2002,-19.86,-20.1343,-22.6385,-19.5908,-19.141,-17.8642,-22.2263,-23.2053,-23.5946,-19.0266,-18.7537,-22.4113,-21.6672,-21.9419,-25.551,-19.3422,-27.2453,-21.3088,-19.1069,-26.5974,-26.4849,-23.8249,-21.729,-22.431,-21.0001,-19.2597,-25.0757,-24.2637,-21.4507,-21.8531,-23.056,-26.995,-26.58,-17.73,-25.5097,-17.5094,-26.1498,-21.0546,-17.2034,-22.3865,-21.1222,-18.479,-20.4597,-23.9791,-23.4491,-24.0867,-26.6086,-21.9549,-22.6253,-21.7731,-21.2628,-18.0869,-20.3032,-25.2671,-25.5335,-23.4106,-24.1098,-22.0492,-23.3385,-25.4347,-24.2585,-20.8069,-23.3233,-26.0178,-21.2331,-21.7581,-23.7317,-27.6143,-22.7062,-23.4322,-25.4475,-22.6169,-21.4906,-20.9422,-19.2265,-21.9514,-25.164,-20.8123,-20.5544,-20.5843,-26.9428,-17.4358,-21.514,-20.2376,-23.8086,-21.5213,-25.3927,-26.4951,-24.9028,-19.8932,-23.9372,-18.3771,-26.2669,-20.8756,-21.808,-23.6395,-22.3455,-24.2496,-23.0227,-22.4797,-25.108,-20.5884,-24.4406,-26.476,-21.5877,-23.5619,-22.9468,-25.6287,-23.7887,-23.0772,-19.1074,-24.1472,-23.6531,-22.6088,-22.1494,-21.9181,-21.4386,-23.5493,-28.4753,-19.7559,-20.2552,-25.0623,-22.6761,-21.5191,-22.0035,-24.1499,-28.68,-24.0172,-22.7399,-24.7594,-29.762,-25.3239,-24.0642,-20.2978,-27.2845,-28.9119,-21.1372,-23.5743,-25.8682,-24.3796,-23.1155,-27.7239,-18.2015,-22.1986,-24.3414,-19.5014,-24.7226,-25.3628,-22.3783,-23.0188,-21.7746,-17.7886,-22.0311,-22.808,-24.6949,-23.6039,-27.5436,-26.8422,-27.9985,-26.957,-25.5445,-24.0913,-24.9793,-19.8283,-23.1026,-22.7178,-20.7335,-21.0388,-26.3062,-20.8193,-24.1849,-19.2778,-25.9315,-24.7401,-26.4711,-24.0284,-23.0983,-20.4495,-18.1926,-24.5048,-20.2997,-20.6624,-26.0465,-19.5676,-22.7851,-25.2541,-25.8802,-19.7205,-21.2953,-20.2076,-25.6616,-23.1169,-23.4957,-24.018,-21.2402,-22.6531,-23.6564,-24.8455,-19.2873,-23.4448,-21.6959,-27.2843,-22.0701,-21.9911,-25.4377,-22.9429,-17.2131,-15.6492,-21.8565,-26.7253,-28.5069,-17.2625,-24.9252,-17.8877,-16.9349,-19.6117,-26.5509,-20.351,-22.6532,-21.1454,-20.3605,-18.4472,-25.2558,-22.664,-28.2477,-17.8684,-18.3791,-24.1014,-23.1273,-20.6281,-23.6558,-23.5619,-20.6396,-24.8665,-27.9982,-22.4275,-18.6702,-18.1928,-22.9229,-22.9127,-19.912,-21.8896,-24.7927,-26.754,-22.2877,-24.6311,-21.7375,-21.6978,-26.2262,-25.1865,-21.8837,-24.7266,-22.4995,-21.7754,-23.2138,-18.1875,-25.88,-24.1396,-26.1235,-23.1074,-25.3368,-25.0397,-24.6256,-21.3054,-25.7598,-25.0273,-24.9198,-27.2046,-21.9401,-17.5585,-21.7664,-18.2932,-27.516,-19.2128,-22.4548,-23.6446,-22.1808,-24.7113,-25.7784,-25.0568,-21.1151,-22.3935,-23.1599,-26.0074,-23.1571,-21.4463,-20.4638,-17.6571,-23.078,-17.5237,-26.9535,-21.0146,-26.8879,-26.7629,-26.6931,-21.1403,-25.4909,-22.641,-21.4517,-23.3216,-21.8486,-19.4826,-21.7087,-22.8838,-24.736,-22.5295,-20.3954,-21.8888,-20.7149,-23.4852,-22.6435,-22.7609,-20.7189,-19.9186,-26.2166,-25.7851,-23.8705,-23.6451,-23.5725,-23.8803,-24.9189,-23.9546,-22.5998,-22.9236,-21.832,-28.3811,-18.55,-19.8323,-24.4993,-19.0868,-28.5616,-20.3009,-20.2764,-25.2586,-27.2138,-27.9362,-22.8659,-22.13,-23.1941,-26.1008,-20.7807,-21.0824,-24.9418,-25.4575,-27.7084,-24.2188,-25.2005,-23.3232,-25.5739,-23.9894,-26.052,-26.4212,-23.6674,-21.3776,-17.3816,-22.9002,-23.5809,-21.5447,-21.2196,-25.6023,-27.5415,-22.0532,-28.4074,-23.837,-24.2108,-23.1924,-22.6522,-27.6047,-22.3596,-19.6519,-21.6489,-21.26,-24.2819,-18.301,-21.5094,-19.5562,-21.5245,-19.0803,-25.9286,-23.6164,-21.8066,-22.8206,-22.7906,-24.0358,-23.4847,-17.3304,-27.1452,-19.604,-17.7781,-22.6031,-20.0909,-20.7799,-20.0347,-23.522,-22.4896,-24.352,-24.9926,-20.3592,-24.4252,-26.5485,-22.4859,-21.8693,-22.6186,-24.5352,-22.7842,-27.7649,-24.9287,-25.4766,-26.0883,-22.6384,-25.3835,-23.6451,-28.1075,-20.9197,-21.0226,-24.852,-23.3523,-24.3556,-20.6599,-18.0854,-22.5943,-24.3433,-26.0618,-21.6119,-21.7801,-20.296,-23.3657,-25.7493,-26.0183,-23.8315,-22.3655,-25.9957,-18.7378,-18.9944,-23.4359,-20.3649,-23.1295,-21.7345,-18.2019,-24.9624,-22.3061,-25.6118,-26.1317,-19.7714,-26.2551
